(101141897,0)
(101141903,0)
(101141911,0)
(101141933,0)
(101141935,0)
(101141936,0)
(101141938,0)
(101141945,0)
(101141949,0)
(101141953,0)
(101141959,0)
(101141960,0)
(101141964,0)
(101141965,0)
(101141966,0)
(101141970,0)
(101141979,0)
(101141985,0)
(101141987,0)
(101141988,0)
(101142002,0)
(101142006,0)
(101142008,0)
(101142009,0)
(101142011,0)
(101142019,0)
(101142022,0)
(101142028,0)
(101142030,0)
(101142032,0)
(101142037,0)
(101142046,0)
(101142053,0)
(101142056,0)
(101142057,0)
(101142058,0)
(101142060,0)
(101142063,0)
(101142065,0)
(101142067,0)
(101142068,0)
(101142070,0)
(101142071,0)
(101142072,0)
(101142082,0)
(101142084,0)
(101142085,0)
(101142086,0)
(101142089,0)
(101142102,0)
(101142103,0)
(101142109,0)
(101142122,0)
(101142128,0)
(101142139,0)
(101142141,0)
(101142144,0)
(101142145,0)
(101142149,0)
(101142150,0)
(101142153,0)
(101142158,0)
(101142160,0)
(101142168,0)
(101142169,0)
(101142171,0)
(101142175,0)
(101142182,0)
(101142187,0)
(101142194,0)
(101142197,0)
(101142203,0)
(101142204,0)
(101142209,0)
(101142210,0)
(101142213,0)
(101142214,0)
(101142216,0)
(101142225,0)
(101142232,0)
(101142235,0)
(101142244,0)
(101142246,0)
(101142249,0)
(101142250,0)
(101142251,0)
(101142253,0)
(101142254,0)
(101142255,0)
(101142259,0)
(101142260,0)
(101142263,0)
(101142270,0)
(101142272,0)
(101142275,0)
(101142279,0)
(101142288,0)
(101142292,0)
(101142293,0)
(101142299,5)
(101142302,0)
(101142303,0)
(101142307,0)
(101142308,0)
(101142309,0)
(101142316,0)
(101142317,0)
(101142329,0)
(101142330,0)
(101142335,0)
(101142336,0)
(101142337,0)
(101142338,0)
(101142339,0)
(101142340,0)
(101142344,0)
(101142350,0)
(101142351,0)
(101142352,0)
(101142354,0)
(101142367,0)
(101142368,0)
(101142369,0)
(101142371,0)
(101142372,0)
(101142379,0)
(101142380,0)
(101142383,0)
(101142384,0)
(101142385,0)
(101142387,0)
(101142389,0)
(101142391,0)
(101142393,0)
(101142394,0)
(101142395,0)
(101142398,0)
(101142400,0)
(101142402,0)
(101142408,0)
(101142409,0)
(101142412,0)
(101142413,0)
(101142414,0)
(101142416,0)
(101142421,0)
(101142424,0)
(101142425,0)
(101142428,0)
(101142431,0)
(101142442,0)
(101142443,0)
(101142449,0)
(101142455,0)
(101142460,0)
(101142480,0)
(101142481,0)
(101142485,0)
(101142486,0)
(101142487,0)
(101142488,0)
(101142489,0)
(101142492,0)
(101142493,0)
(101142494,0)
(101142497,0)
(101142498,0)
(101142500,0)
(101142513,0)
(101142515,0)
(101142520,0)
(101142524,0)
(101142529,0)
(101142533,0)
(101142534,0)
(101142537,0)
(101142540,0)
(101142545,0)
(101142554,0)
(101142558,0)
(101142559,0)
(101142560,0)
(101142564,0)
(101142565,0)
(101142567,0)
(101142568,0)
(101142569,0)
(101142572,0)
(101142577,0)
(101142583,0)
(101142584,0)
(101142586,0)
(101142588,0)
(101142591,0)
(101142594,0)
(101142595,0)
(101142598,0)
(101142603,0)
(101142609,0)
(101142610,0)
(101142611,0)
(101142614,0)
(101142618,0)
(101142626,0)
(101142627,0)
(101142651,0)
(101142652,0)
(101142653,0)
(101142655,0)
(101142658,0)
(101142660,0)
(101142661,0)
(101142667,0)
(101142671,0)
(101142674,0)
(101142676,0)
(101142677,0)
(101142679,0)
(101142681,0)
(101142683,0)
(101142684,0)
(101142688,0)
(101142693,0)
(101142701,0)
(101142702,0)
(101142708,0)
(101142711,0)
(101142715,0)
(101142716,0)
(101142717,0)
(101142718,0)
(101142720,0)
(101142739,0)
(101142740,0)
(101142745,0)
(101142746,0)
(101142748,0)
(101142752,0)
(101142753,0)
(101142758,0)
(101142759,0)
(101142760,0)
(101142761,0)
(101142762,0)
(101142765,0)
(101142766,0)
(101142768,0)
(101142769,0)
(101142770,0)
(101142771,0)
(101142775,0)
(101142777,0)
(101142785,0)
(101142801,0)
(101142804,0)
(101142812,0)
(101142823,0)
(101142824,0)
(101142827,0)
(101142828,0)
(101142831,0)
(101142834,0)
(101142836,0)
(101142837,0)
(101142839,0)
(101142841,0)
(101142843,0)
(101142844,0)
(101142846,0)
(101142854,0)
(101142860,0)
(101142863,0)
(101142867,0)
(101142868,0)
(101142869,0)
(101142870,0)
(101142871,0)
(101142872,0)
(101142878,0)
(101142892,0)
(101142894,0)
(101142895,0)
(101142907,0)
(101142914,0)
(101142918,0)
(101142927,0)
(101142929,0)
(101142931,0)
(101142932,0)
(101142938,0)
(101142940,0)
(101142941,0)
(101142942,0)
(101142944,0)
(101142947,0)
(101142949,0)
(101142953,0)
(101142965,0)
(101142971,0)
(101142975,0)
(101142977,0)
(101142978,0)
(101142983,0)
(101142987,0)
(101142988,0)
(101142992,0)
(101142994,0)
(101142995,0)
(101142996,0)
(101142997,0)
(101143001,0)
(101143002,0)
(101143003,0)
(101143005,0)
(101143020,0)
(101143034,0)
(101143041,0)
(101143045,0)
(101143047,0)
(101143049,0)
(101143065,0)
(101143067,0)
(101143071,0)
(101143078,0)
(101143079,0)
(101143081,0)
(101143082,0)
(101143087,0)
(101143093,0)
(101143098,0)
(101143099,0)
(101143101,0)
(101143107,0)
(101143110,0)
(101143111,0)
(101143112,0)
(101143113,0)
(101143114,0)
(101143116,0)
(101143117,0)
(101143118,0)
(101143119,0)
(101143120,0)
(101143121,0)
(101143122,0)
(101143126,0)
(101143127,0)
(101143128,0)
(101143130,0)
(101143131,0)
(101143134,0)
(101143138,0)
(101143139,0)
(101143140,0)
(101143141,0)
(101143142,0)
(101143143,0)
(101143144,0)
(101143146,0)
(101143147,0)
(101143148,0)
(101143150,0)
(101143157,0)
(101143167,0)
(101143170,0)
(101143172,0)
(101143175,0)
(101143176,0)
(101143179,0)
(101143180,0)
(101143183,0)
(101143188,0)
(101143189,0)
(101143190,0)
(101143191,0)
(101143192,0)
(101143197,0)
(101143198,0)
(101143199,0)
(101143200,0)
(101143202,0)
(101143204,0)
(101143205,0)
(101143207,0)
(101143208,0)
(101143211,0)
(101143215,0)
(101143217,0)
(101143227,0)
(101143228,0)
(101143230,0)
(101143232,0)
(101143234,0)
(101143235,0)
(101143236,0)
(101143239,0)
(101143240,0)
(101143241,0)
(101143246,0)
(101143247,0)
(101143249,0)
(101143250,0)
(101143255,0)
(101143263,0)
(101143270,0)
(101143271,0)
(101143280,0)
(101143281,0)
(101143283,0)
(101143285,0)
(101143286,0)
(101143287,0)
(101143289,0)
(101143292,0)
(101143297,0)
(101143298,0)
(101143299,0)
(101143301,0)
(101143302,0)
(101143307,0)
(101143308,9)
(101143309,0)
(101143314,0)
(101143315,0)
(101143317,0)
(101143319,0)
(101143325,0)
(101143333,0)
(101143337,0)
(101143338,0)
(101143339,0)
(101143340,0)
(101143341,0)
(101143342,0)
(101143343,0)
(101143344,0)
(101143347,0)
(101143352,0)
(101143353,0)
(101143359,0)
(101143361,0)
(101143362,0)
(101143365,0)
(101143366,0)
(101143370,0)
(101143371,0)
(101143374,0)
(101143376,0)
(101143377,0)
(101143378,0)
(101143379,0)
(101143380,0)
(101143381,0)
(101143382,0)
(101143383,0)
(101143384,0)
(101143386,0)
(101143387,0)
(101143388,0)
(101143390,0)
(101143392,0)
(101143393,0)
(101143398,0)
(101143403,0)
(101143404,0)
(101143406,0)
(101143408,0)
(101143411,0)
(101143415,0)
(101143417,0)
(101143418,0)
(101143425,0)
(101143429,0)
(101143431,0)
(101143432,0)
(101143434,0)
(101143447,0)
(101143449,0)
(101143462,0)
(101143466,0)
(101143473,0)
(101143476,0)
(101143477,0)
(101143483,0)
(101143488,0)
(101143494,0)
(101143496,0)
(101143499,0)
(101143501,0)
(101143505,0)
(101143506,0)
(101143513,0)
(101143520,0)
(101143521,0)
(101143531,0)
(101143534,0)
(101143537,0)
(101143538,0)
(101143542,0)
(101143546,0)
(101143550,0)
(101143552,0)
(101143553,0)
(101143564,0)
(101143565,0)
(101143568,0)
(101143573,0)
(101143574,0)
(101143577,0)
(101143579,0)
(101143580,0)
(101143583,0)
(101143585,0)
(101143589,0)
(101143590,0)
(101143593,0)
(101143594,0)
(101143599,0)
(101143605,0)
(101143607,0)
(101143610,0)
(101143612,0)
(101143613,0)
(101143614,0)
(101143615,0)
(101143619,0)
(101143621,0)
(101143623,0)
(101143624,0)
(101143628,0)
(101143629,0)
(101143631,0)
(101143632,0)
(101143638,0)
(101143639,0)
(101143640,0)
(101143644,0)
(101143648,0)
(101143649,0)
(101143659,0)
(101143667,0)
(101143671,0)
(101143674,0)
(101143676,0)
(101143677,0)
(101143678,0)
(101143679,0)
(101143681,0)
(101143684,0)
(101143685,0)
(101143687,0)
(101143688,0)
(101143691,0)
(101143693,0)
(101143695,0)
(101143696,0)
(101143699,0)
(101143701,0)
(101143704,0)
(101143707,0)
(101143708,0)
(101143711,0)
(101143714,0)
(101143721,0)
(101143723,0)
(101143724,0)
(101143726,0)
(101143727,0)
(101143728,0)
(101143729,0)
(101143731,0)
(101143732,0)
(101143734,0)
(101143743,0)
(101143746,0)
(101143748,0)
(101143751,0)
(101143757,0)
(101143764,0)
(101143767,0)
(101143774,0)
(101143779,0)
(101143780,0)
(101143781,0)
(101143790,0)
(101143791,0)
(101143799,0)
(101143802,0)
(101143821,0)
(101143822,0)
(101143823,0)
(101143828,0)
(101143831,0)
(101143841,0)
(101143842,0)
(101143844,0)
(101143855,0)
(101143858,0)
(101143865,0)
(101143869,0)
(101143872,0)
(101143873,0)
(101143877,0)
(101143881,0)
(101143882,0)
(101143884,0)
(101143885,0)
(101143888,0)
(101143891,0)
(101143893,0)
(101143894,0)
(101143895,0)
(101143897,0)
(101143899,0)
(101143901,0)
(101143902,0)
(101143904,0)
(101143905,0)
(101143906,0)
(101143907,0)
(101143908,0)
(101143909,0)
(101143911,0)
(101143912,0)
(101143915,0)
(101143917,0)
(101143918,0)
(101143921,0)
(101143924,0)
(101143926,0)
(101143927,0)
(101143928,0)
(101143933,0)
(101143937,0)
(101143939,0)
(101143940,0)
(101143941,0)
(101143943,0)
(101143946,0)
(101143947,0)
(101143951,0)
(101143952,0)
(101143958,0)
(101143959,0)
(101143962,0)
(101143964,0)
(101143967,0)
(101143968,0)
(101143971,0)
(101143981,0)
(101143983,0)
(101143985,0)
(101143988,0)
(101143993,0)
(101144000,0)
(101144012,0)
(101144015,0)
(101144018,0)
(101144020,0)
(101144023,0)
(101144024,0)
(101144028,0)
(101144034,0)
(101144035,0)
(101144037,0)
(101144044,0)
(101144049,0)
(101144057,0)
(101144059,0)
(101144061,0)
(101144063,0)
(101144064,0)
(101144068,0)
(101144069,0)
(101144075,0)
(101144076,0)
(101144079,0)
(101144083,0)
(101144089,0)
(101144094,0)
(101144095,0)
(101144096,0)
(101144098,0)
(101144100,0)
(101144102,0)
(101144104,0)
(101144105,0)
(101144110,0)
(101144111,0)
(101144134,0)
(101144137,0)
(101144142,0)
(101144144,0)
(101144145,0)
(101144147,0)
(101144148,0)
(101144157,0)
(101144158,0)
(101144162,0)
(101144163,0)
(101144166,0)
(101144169,0)
(101144170,0)
(101144173,0)
(101144174,0)
(101144176,0)
(101144182,0)
(101144184,0)
(101144185,0)
(101144189,0)
(101144190,0)
(101144196,0)
(101144201,0)
(101144204,0)
(101144206,0)
(101144207,0)
(101144213,0)
(101144222,0)
(101144223,0)
(101144224,0)
(101144225,0)
(101144226,0)
(101144227,0)
(101144228,0)
(101144229,0)
(101144230,0)
(101144232,0)
(101144241,0)
(101144242,0)
(101144247,0)
(101144249,0)
(101144255,0)
(101144257,0)
(101144261,0)
(101144262,0)
(101144263,0)
(101144264,0)
(101144265,0)
(101144266,0)
(101144267,0)
(101144268,0)
(101144271,0)
(101144272,0)
(101144281,0)
(101144286,0)
(101144287,0)
(101144288,0)
(101144290,0)
(101144296,0)
(101144301,0)
(101144303,0)
(101144307,0)
(101144322,0)
(101144325,0)
(101144336,0)
(101144339,0)
(101144342,0)
(101144349,0)
(101144351,0)
(101144358,0)
(101144367,0)
(101144368,0)
(101144370,0)
(101144373,0)
(101144374,0)
(101144378,0)
(101144385,0)
(101144392,0)
(101144394,0)
(101144396,0)
(101144412,0)
(101144417,0)
(101144418,0)
(101144420,0)
(101144421,0)
(101144424,0)
(101144426,0)
(101144428,0)
(101144431,0)
(101144432,0)
(101144433,0)
(101144436,0)
(101144439,0)
(101144440,0)
(101144442,0)
(101144443,0)
(101144444,0)
(101144453,0)
(101144455,0)
(101144463,0)
(101144464,0)
(101144465,0)
(101144471,0)
(101144478,0)
(101144481,0)
(101144485,0)
(101144487,0)
(101144491,0)
(101144493,0)
(101144498,0)
(101144499,0)
(101144500,0)
(101144504,0)
(101144510,0)
(101144512,0)
(101144513,0)
(101144514,0)
(101144515,0)
(101144516,0)
(101144518,0)
(101144524,0)
(101144531,0)
(101144532,0)
(101144533,0)
(101144535,0)
(101144542,0)
(101144545,0)
(101144550,0)
(101144552,0)
(101144558,0)
(101144560,0)
(101144562,0)
(101144563,0)
(101144565,0)
(101144566,0)
(101144568,0)
(101144571,0)
(101144572,0)
(101144573,0)
(101144574,0)
(101144576,0)
(101144577,0)
(101144578,0)
(101144580,0)
(101144582,0)
(101144587,0)
(101144590,0)
(101144593,0)
(101144596,0)
(101144597,0)
(101144598,0)
(101144599,0)
(101144600,0)
(101144602,0)
(101144603,0)
(101144604,0)
(101144615,0)
(101144616,0)
(101144623,0)
(101144624,0)
(101144625,0)
(101144626,0)
(101144630,0)
(101144642,0)
(101144643,0)
(101144645,0)
(101144657,0)
(101144661,0)
(101144662,0)
(101144666,0)
(101144673,0)
(101144678,0)
(101144686,0)
(101144694,0)
(101144700,0)
(101144709,0)
(101144710,0)
(101144713,0)
(101144716,0)
(101144720,0)
(101144723,0)
(101144724,0)
(101144726,0)
(101144727,0)
(101144731,0)
(101144734,0)
(101144737,0)
(101144739,0)
(101144740,0)
(101144743,0)
(101144745,0)
(101144747,0)
(101144748,0)
(101144751,0)
(101144753,0)
(101144756,0)
(101144758,0)
(101144776,0)
(101144780,0)
(101144783,0)
(101144787,0)
(101144788,0)
(101144789,0)
(101144795,0)
(101144799,0)
(101144800,0)
(101144802,0)
(101144803,0)
(101144806,0)
(101144809,0)
(101144811,0)
(101144815,0)
(101144816,0)
(101144817,0)
(101144818,0)
(101144821,0)
(101144823,0)
(101144826,0)
(101144830,0)
(101144835,0)
(101144837,0)
(101144839,0)
(101144841,0)
(101144852,0)
(101144859,0)
(101144861,0)
(101144864,0)
(101144867,0)
(101144871,0)
(101144872,0)
(101144875,0)
(101144877,0)
(101144881,0)
(101144882,0)
(101144883,0)
(101144884,0)
(101144885,0)
(101144897,0)
(101144899,0)
(101144903,0)
(101144911,0)
(101144916,0)
(101144919,0)
(101144921,0)
(101144923,0)
(101144927,0)
(101144932,0)
(101144933,0)
(101144935,0)
(101144936,0)
(101144937,0)
(101144940,0)
(101144943,0)
(101144945,0)
(101144946,0)
(101144947,0)
(101144949,0)
(101144950,0)
(101144954,0)
(101144955,0)
(101144959,0)
(101144960,0)
(101144961,0)
(101144963,0)
(101144964,0)
(101144965,0)
(101144966,0)
(101144971,0)
(101144972,0)
(101144974,0)
(101144975,0)
(101144977,0)
(101144978,0)
(101144981,0)
(101144983,0)
(101144987,0)
(101144993,0)
(101144994,0)
(101144996,0)
(101144997,0)
(101145007,0)
(101145009,0)
(101145010,0)
(101145017,0)
(101145018,0)
(101145021,0)
(101145023,0)
(101145027,0)
(101145028,0)
(101145034,0)
(101145038,0)
(101145039,0)
(101145040,0)
(101145041,0)
(101145044,0)
(101145048,0)
(101145049,0)
(101145052,0)
(101145057,0)
(101145058,0)
(101145059,0)
(101145061,0)
(101145067,0)
(101145068,0)
(101145069,0)
(101145070,0)
(101145076,0)
(101145077,0)
(101145078,0)
(101145079,0)
(101145080,0)
(101145086,0)
(101145089,0)
(101145090,0)
(101145091,0)
(101145092,0)
(101145094,0)
(101145098,0)
(101145100,0)
(101145102,0)
(101145105,0)
(101145124,0)
(101145125,0)
(101145126,0)
(101145127,0)
(101145129,0)
(101145132,0)
(101145136,0)
(101145137,0)
(101145140,0)
(101145142,0)
(101145149,0)
(101145153,0)
(101145173,0)
(101145175,0)
(101145176,0)
(101145178,0)
(101145179,0)
(101145183,0)
(101145184,0)
(101145185,0)
(101145187,0)
(101145189,0)
(101145190,0)
(101145192,0)
(101145195,0)
(101145196,0)
(101145205,0)
(101145209,0)
(101145216,0)
(101145219,0)
(101145220,0)
(101145224,0)
(101145229,0)
(101145235,0)
(101145240,0)
(101145243,0)
(101145245,0)
(101145246,0)
(101145257,0)
(101145267,0)
(101145272,0)
(101145275,0)
(101145277,0)
(101145278,0)
(101145281,0)
(101145282,0)
(101145283,0)
(101145285,0)
(101145288,0)
(101145289,0)
(101145291,0)
(101145295,0)
(101145297,0)
(101145300,0)
(101145301,0)
(101145302,0)
(101145303,0)
(101145304,0)
(101145305,0)
(101145306,0)
(101145308,0)
(101145310,0)
(101145312,0)
(101145313,0)
(101145319,0)
(101145320,0)
(101145337,0)
(101145338,0)
(101145339,0)
(101145341,0)
(101145343,0)
(101145346,0)
(101145347,0)
(101145349,0)
(101145353,0)
(101145354,0)
(101145356,0)
(101145358,0)
(101145359,0)
(101145360,0)
(101145364,0)
(101145377,0)
(101145381,0)
(101145383,0)
(101145384,0)
(101145385,0)
(101145386,0)
(101145387,0)
(101145388,0)
(101145391,0)
(101145392,0)
(101145395,0)
(101145396,0)
(101145405,0)
(101145411,0)
(101145424,0)
(101145426,0)
(101145428,0)
(101145431,0)
(101145432,0)
(101145433,0)
(101145434,0)
(101145437,0)
(101145438,0)
(101145439,0)
(101145448,0)
(101145450,0)
(101145452,0)
(101145453,0)
(101145454,0)
(101145458,0)
(101145459,0)
(101145460,0)
(101145461,0)
(101145465,0)
(101145473,0)
(101145474,0)
(101145475,0)
(101145477,0)
(101145496,0)
(101145497,9)
(101145498,0)
(101145500,0)
(101145504,0)
(101145511,0)
(101145512,0)
(101145513,0)
(101145514,0)
(101145516,0)
(101145517,0)
(101145518,0)
(101145519,0)
(101145521,0)
(101145523,0)
(101145533,0)
(101145534,0)
(101145537,0)
(101145539,0)
(101145544,0)
(101145547,0)
(101145555,0)
(101145564,0)
(101145567,0)
(101145575,0)
(101145578,0)
(101145581,0)
(101145582,0)
(101145585,0)
(101145587,0)
(101145598,0)
(101145601,0)
(101145602,0)
(101145603,0)
(101145609,0)
(101145610,0)
(101145613,0)
(101145614,0)
(101145615,0)
(101145619,0)
(101145630,0)
(101145631,0)
(101145632,0)
(101145637,0)
(101145640,0)
(101145641,0)
(101145642,0)
(101145644,0)
(101145645,0)
(101145646,0)
(101145647,0)
(101145648,0)
(101145650,0)
(101145653,0)
(101145655,0)
(101145662,0)
(101145672,0)
(101145673,0)
(101145675,0)
(101145680,0)
(101145681,0)
(101145688,0)
(101145689,0)
(101145695,0)
(101145697,0)
(101145699,0)
(101145700,0)
(101145702,0)
(101145704,0)
(101145706,0)
(101145708,0)
(101145711,9)
(101145725,0)
(101145730,0)
(101145735,0)
(101145740,0)
(101145744,0)
(101145749,0)
(101145752,0)
(101145753,0)
(101145754,0)
(101145755,0)
(101145758,0)
(101145759,0)
(101145760,0)
(101145763,0)
(101145776,0)
(101145777,0)
(101145779,0)
(101145788,0)
(101145795,0)
(101145796,0)
(101145798,0)
(101145801,0)
(101145803,0)
(101145806,0)
(101145810,0)
(101145816,0)
(101145817,0)
(101145819,0)
(101145821,0)
(101145823,0)
(101145825,0)
(101145829,0)
(101145830,0)
(101145831,0)
(101145835,0)
(101145836,0)
(101145837,0)
(101145841,0)
(101145843,0)
(101145846,0)
(101145847,0)
(101145864,0)
(101145872,0)
(101145875,0)
(101145876,0)
(101145879,0)
(101145880,0)
(101145887,0)
(101145888,0)
(101145889,0)
(101145894,0)
(101145899,0)
(101145910,0)
(101145911,0)
(101145917,0)
(101145921,0)
(101145922,0)
(101145923,0)
(101145924,0)
(101145928,0)
(101145931,0)
(101145935,0)
(101145940,0)
(101145941,0)
(101145942,0)
(101145943,0)
(101145945,0)
(101145950,0)
(101145959,0)
(101145963,0)
(101145965,0)
(101145980,0)
(101145982,0)
(101145983,0)
(101145990,0)
(101145999,0)
(101146006,0)
(101146007,0)
(101146008,0)
(101146013,0)
(101146017,0)
(101146020,0)
(101146021,0)
(101146031,0)
(101146032,0)
(101146049,0)
(101146051,0)
(101146052,0)
(101146060,0)
(101146061,0)
(101146064,0)
(101146066,0)
(101146068,0)
(101146069,0)
(101146071,0)
(101146073,0)
(101146081,0)
(101146085,0)
(101146086,0)
(101146090,0)
(101146091,0)
(101146094,0)
(101146101,0)
(101146102,0)
(101146106,0)
(101146107,0)
(101146109,0)
(101146110,0)
(101146111,0)
(101146115,0)
(101146116,0)
(101146124,0)
(101146125,0)
(101146127,0)
(101146128,0)
(101146133,0)
(101146136,0)
(101146139,0)
(101146141,0)
(101146142,0)
(101146146,0)
(101146147,0)
(101146148,0)
(101146151,0)
(101146152,0)
(101146153,0)
(101146154,0)
(101146160,0)
(101146161,0)
(101146162,0)
(101146169,0)
(101146174,0)
(101146175,0)
(101146179,0)
(101146181,0)
(101146186,0)
(101146187,0)
(101146188,0)
(101146189,0)
(101146191,0)
(101146195,0)
(101146206,0)
(101146209,0)
(101146210,0)
(101146211,0)
(101146212,0)
(101146222,0)
(101146224,0)
(101146225,0)
(101146226,0)
(101146228,0)
(101146230,0)
(101146232,0)
(101146260,0)
(101146264,0)
(101146277,0)
(101146287,0)
(101146289,0)
(101146291,0)
(101146293,0)
(101146307,0)
(101146310,0)
(101146313,0)
(101146314,0)
(101146318,0)
(101146319,0)
(101146320,0)
(101146321,0)
(101146322,0)
(101146325,0)
(101146328,0)
(101146331,0)
(101146333,0)
(101146340,0)
(101146342,0)
(101146345,0)
(101146346,0)
(101146355,0)
(101146360,0)
(101146361,0)
(101146362,0)
(101146364,0)
(101146368,0)
(101146370,0)
(101146372,0)
(101146374,0)
(101146378,0)
(101146381,0)
(101146386,0)
(101146387,0)
(101146388,0)
(101146401,0)
(101146405,0)
(101146406,0)
(101146408,0)
(101146413,0)
(101146419,0)
(101146424,0)
(101146425,0)
(101146428,0)
(101146431,0)
(101146434,0)
(101146435,0)
(101146436,0)
(101146437,0)
(101146438,0)
(101146439,0)
(101146441,0)
(101146442,0)
(101146444,0)
(101146445,0)
(101146450,0)
(101146467,0)
(101146470,0)
(101146471,0)
(101146473,0)
(101146474,0)
(101146500,0)
(101146505,0)
(101146507,0)
(101146514,0)
(101146520,0)
(101146522,0)
(101146524,0)
(101146526,0)
(101146527,0)
(101146528,0)
(101146529,0)
(101146533,0)
(101146534,0)
(101146537,0)
(101146542,0)
(101146551,0)
(101146552,0)
(101146553,0)
(101146554,0)
(101146557,0)
(101146559,0)
(101146560,0)
(101146563,0)
(101146564,0)
(101146565,0)
(101146567,0)
(101146569,0)
(101146570,0)
(101146572,0)
(101146575,0)
(101146582,0)
(101146592,7)
(101146594,0)
(101146597,0)
(101146598,0)
(101146602,0)
(101146606,0)
(101146609,0)
(101146613,0)
(101146620,0)
(101146622,0)
(101146624,0)
(101146625,0)
(101146626,0)
(101146628,0)
(101146629,0)
(101146631,0)
(101146634,0)
(101146639,0)
(101146641,0)
(101146649,0)
(101146651,0)
(101146652,0)
(101146659,0)
(101146667,0)
(101146672,0)
(101146674,0)
(101146680,0)
(101146681,0)
(101146688,0)
(101146689,0)
(101146691,0)
(101146693,0)
(101146699,0)
(101146700,0)
(101146703,0)
(101146704,0)
(101146705,0)
(101146707,0)
(101146709,0)
(101146712,0)
(101146714,0)
(101146720,0)
(101146721,0)
(101146726,0)
(101146737,0)
(101146738,0)
(101146739,0)
(101146740,0)
(101146741,0)
(101146743,0)
(101146744,0)
(101146745,0)
(101146746,0)
(101146749,0)
(101146752,0)
(101146753,0)
(101146756,0)
(101146761,0)
(101146769,0)
(101146771,0)
(101146772,0)
(101146776,0)
(101146777,0)
(101146781,0)
(101146782,0)
(101146786,0)
(101146796,0)
(101146797,0)
(101146798,0)
(101146800,0)
(101146803,0)
(101146804,0)
(101146805,0)
(101146809,0)
(101146810,0)
(101146811,0)
(101146815,0)
(101146816,0)
(101146817,0)
(101146819,0)
(101146820,0)
(101146821,0)
(101146822,0)
(101146823,0)
(101146826,0)
(101146834,0)
(101146836,0)
(101146837,0)
(101146838,0)
(101146840,0)
(101146846,0)
(101146847,0)
(101146852,0)
(101146856,0)
(101146862,0)
(101146863,0)
(101146865,0)
(101146868,0)
(101146872,0)
(101146877,0)
(101146879,0)
(101146883,0)
(101146885,0)
(101146899,0)
(101146900,0)
(101146902,0)
(101146903,0)
(101146904,0)
(101146908,0)
(101146910,0)
(101146921,0)
(101146923,0)
(101146924,0)
(101146925,0)
(101146926,0)
(101146931,0)
(101146932,0)
(101146933,0)
(101146934,0)
(101146941,0)
(101146942,0)
(101146943,0)
(101146947,0)
(101146948,0)
(101146952,0)
(101146953,0)
(101146955,0)
(101146957,0)
(101146958,0)
(101146959,0)
(101146960,0)
(101146964,0)
(101146965,0)
(101146966,0)
(101146967,0)
(101146969,0)
(101146970,0)
(101146971,0)
(101146972,0)
(101146973,0)
(101146975,0)
(101146978,0)
(101146983,0)
(101146984,0)
(101146988,0)
(101146991,0)
(101146992,0)
(101146998,0)
(101147000,0)
(101147001,0)
(101147002,0)
(101147003,0)
(101147007,0)
(101147008,0)
(101147009,0)
(101147010,0)
(101147016,0)
(101147030,0)
(101147033,0)
(101147035,0)
(101147040,0)
(101147041,0)
(101147045,0)
(101147048,0)
(101147054,0)
(101147055,0)
(101147057,0)
(101147060,0)
(101147061,0)
(101147062,0)
(101147067,0)
(101147068,0)
(101147069,0)
(101147070,0)
(101147073,0)
(101147082,0)
(101147086,0)
(101147088,0)
(101147090,0)
(101147103,0)
(101147106,0)
(101147107,0)
(101147110,0)
(101147112,0)
(101147120,0)
(101147126,0)
(101147132,0)
(101147133,0)
(101147137,0)
(101147140,0)
(101147146,0)
(101147150,0)
(101147159,0)
(101147163,0)
(101147164,0)
(101147165,0)
(101147172,0)
(101147176,0)
(101147181,0)
(101147188,0)
(101147189,0)
(101147191,0)
(101147193,0)
(101147194,0)
(101147196,0)
(101147197,0)
(101147200,0)
(101147204,0)
(101147205,0)
(101147206,0)
(101147208,0)
(101147210,0)
(101147211,0)
(101147212,0)
(101147215,0)
(101147216,0)
(101147220,0)
(101147224,0)
(101147225,0)
(101147226,0)
(101147241,0)
(101147246,0)
(101147248,0)
(101147250,0)
(101147252,0)
(101147254,0)
(101147255,0)
(101147258,0)
(101147259,0)
(101147271,0)
(101147272,0)
(101147273,0)
(101147274,0)
(101147275,0)
(101147276,0)
(101147277,0)
(101147278,0)
(101147280,0)
(101147281,0)
(101147282,0)
(101147283,0)
(101147287,0)
(101147289,0)
(101147290,0)
(101147297,0)
(101147300,0)
(101147301,0)
(101147308,0)
(101147309,0)
(101147313,0)
(101147321,0)
(101147327,0)
(101147348,0)
(101147354,0)
(101147358,0)
(101147362,0)
(101147363,0)
(101147365,0)
(101147366,0)
(101147372,0)
(101147374,0)
(101147376,0)
(101147378,0)
(101147382,0)
(101147388,0)
(101147402,0)
(101147403,0)
(101147405,0)
(101147410,0)
(101147411,0)
(101147414,0)
(101147415,0)
(101147417,0)
(101147419,0)
(101147435,0)
(101147438,0)
(101147441,0)
(101147442,0)
(101147445,0)
(101147450,0)
(101147452,0)
(101147457,0)
(101147463,0)
(101147465,0)
(101147466,0)
(101147470,0)
(101147475,0)
(101147477,0)
(101147478,0)
(101147484,0)
(101147485,0)
(101147489,0)
(101147490,0)
(101147494,0)
(101147500,0)
(101147504,0)
(101147509,0)
(101147512,0)
(101147528,0)
(101147533,0)
(101147534,0)
(101147543,0)
(101147544,0)
(101147550,0)
(101147551,0)
(101147552,0)
(101147553,0)
(101147571,0)
(101147576,0)
(101147579,0)
(101147580,0)
(101147581,0)
(101147584,0)
(101147585,0)
(101147587,0)
(101147589,0)
(101147590,0)
(101147592,0)
(101147596,0)
(101147597,0)
(101147599,0)
(101147602,0)
(101147604,0)
(101147606,0)
(101147610,0)
(101147616,0)
(101147617,0)
(101147618,0)
(101147619,0)
(101147621,0)
(101147623,0)
(101147627,0)
(101147628,0)
(101147630,0)
(101147633,0)
(101147635,0)
(101147640,0)
(101147644,0)
(101147662,0)
(101147679,0)
(101147683,0)
(101147686,0)
(101147687,0)
(101147698,0)
(101147705,0)
(101147709,0)
(101147711,0)
(101147720,0)
(101147721,0)
(101147730,0)
(101147732,0)
(101147733,0)
(101147734,0)
(101147735,0)
(101147736,0)
(101147738,0)
(101147742,0)
(101147748,0)
(101147751,0)
(101147752,0)
(101147767,0)
(101147773,0)
(101147778,0)
(101147779,0)
(101147780,0)
(101147781,0)
(101147782,0)
(101147783,0)
(101147784,0)
(101147785,0)
(101147786,0)
(101147791,0)
(101147793,0)
(101147794,0)
(101147798,0)
(101147800,0)
(101147811,0)
(101147813,0)
(101147819,0)
(101147820,0)
(101147821,0)
(101147822,0)
(101147828,0)
(101147830,0)
(101147832,0)
(101147835,0)
(101147836,0)
(101147843,0)
(101147849,0)
(101147853,0)
(101147863,0)
(101147868,0)
(101147870,0)
(101147877,0)
(101147883,0)
(101147885,0)
(101147886,0)
(101147887,0)
(101147888,0)
(101147889,0)
(101147890,0)
(101147891,0)
(101147892,0)
(101147894,0)
(101147895,0)
(101147896,0)
(101147901,0)
(101147902,0)
(101147903,0)
(101147911,0)
(101147913,0)
(101147916,0)
(101147917,0)
(101147918,0)
(101147921,0)
(101147922,0)
(101147924,0)
(101147926,0)
(101147928,0)
(101147938,0)
(101147939,0)
(101147941,0)
(101147959,0)
(101147961,0)
(101147963,0)
(101147964,0)
(101147973,0)
(101147974,0)
(101147975,0)
(101147983,0)
(101147993,0)
(101147994,0)
(101147995,0)
(101147997,0)
(101147998,0)
(101148001,0)
(101148004,0)
(101148014,0)
(101148020,0)
(101148033,0)
(101148038,0)
(101148039,0)
(101148040,0)
(101148044,0)
(101148045,0)
(101148046,0)
(101148048,0)
(101148054,0)
(101148056,0)
(101148064,0)
(101148070,0)
(101148078,0)
(101148081,0)
(101148083,0)
(101148088,0)
(101148089,0)
(101148092,0)
(101148098,0)
(101148100,0)
(101148104,0)
(101148109,0)
(101148113,0)
(101148116,0)
(101148119,0)
(101148128,0)
(101148133,0)
(101148143,0)
(101148144,0)
(101148145,0)
(101148146,0)
(101148147,0)
(101148148,0)
(101148149,0)
(101148150,0)
(101148152,0)
(101148154,0)
(101148159,0)
(101148160,0)
(101148161,0)
(101148162,0)
(101148163,0)
(101148164,0)
(101148179,0)
(101148181,0)
(101148182,0)
(101148183,0)
(101148186,0)
(101148197,0)
(101148198,0)
(101148201,0)
(101148204,0)
(101148209,0)
(101148211,0)
(101148216,0)
(101148217,0)
(101148222,0)
(101148224,0)
(101148225,0)
(101148227,0)
(101148229,0)
(101148230,0)
(101148235,0)
(101148237,0)
(101148239,0)
(101148241,0)
(101148242,0)
(101148248,0)
(101148250,0)
(101148251,0)
(101148252,0)
(101148253,0)
(101148258,0)
(101148259,0)
(101148260,0)
(101148262,0)
(101148268,0)
(101148269,0)
(101148271,0)
(101148272,0)
(101148273,0)
(101148275,0)
(101148277,0)
(101148278,0)
(101148281,0)
(101148282,0)
(101148284,0)
(101148285,0)
(101148286,0)
(101148295,0)
(101148296,0)
(101148306,0)
(101148307,0)
(101148309,0)
(101148311,0)
(101148313,0)
(101148321,0)
(101148329,0)
(101148332,0)
(101148334,0)
(101148337,0)
(101148339,0)
(101148345,0)
(101148350,0)
(101148352,0)
(101148360,0)
(101148364,0)
(101148368,0)
(101148369,0)
(101148372,0)
(101148382,0)
(101148384,0)
(101148386,0)
(101148387,0)
(101148388,0)
(101148390,0)
(101148391,0)
(101148394,0)
(101148397,0)
(101148398,0)
(101148401,0)
(101148403,0)
(101148409,0)
(101148410,0)
(101148413,0)
(101148415,0)
(101148416,0)
(101148419,0)
(101148420,0)
(101148422,0)
(101148423,0)
(101148428,0)
(101148435,0)
(101148436,0)
(101148443,0)
(101148446,0)
(101148447,0)
(101148450,0)
(101148454,0)
(101148455,0)
(101148458,0)
(101148460,0)
(101148462,0)
(101148464,0)
(101148467,0)
(101148471,0)
(101148473,0)
(101148475,0)
(101148476,0)
(101148477,2)
(101148478,0)
(101148480,0)
(101148481,0)
(101148482,0)
(101148488,0)
(101148489,0)
(101148492,0)
(101148493,0)
(101148495,0)
(101148496,0)
(101148499,0)
(101148516,0)
(101148518,0)
(101148534,0)
(101148536,0)
(101148540,0)
(101148541,0)
(101148548,0)
(101148549,0)
(101148552,0)
(101148562,0)
(101148571,0)
(101148577,0)
(101148582,0)
(101148588,0)
(101148590,0)
(101148594,0)
(101148599,0)
(101148602,0)
(101148605,0)
(101148606,0)
(101148607,0)
(101148608,0)
(101148611,0)
(101148612,0)
(101148613,0)
(101148619,0)
(101148621,0)
(101148633,0)
(101148635,0)
(101148645,0)
(101148646,0)
(101148647,0)
(101148651,0)
(101148652,0)
(101148654,0)
(101148660,0)
(101148661,0)
(101148664,0)
(101148669,0)
(101148670,0)
(101148671,0)
(101148672,0)
(101148676,0)
(101148685,0)
(101148694,0)
(101148695,0)
(101148696,0)
(101148707,0)
(101148708,0)
(101148709,0)
(101148710,0)
(101148711,0)
(101148712,0)
(101148716,0)
(101148717,0)
(101148720,0)
(101148723,0)
(101148727,0)
(101148728,0)
(101148732,0)
(101148738,0)
(101148740,0)
(101148741,0)
(101148742,0)
(101148743,0)
(101148744,0)
(101148745,0)
(101148749,0)
(101148752,0)
(101148755,0)
(101148756,0)
(101148771,1)
(101148779,0)
(101148780,0)
(101148787,0)
(101148790,0)
(101148793,0)
(101148795,0)
(101148796,0)
(101148798,0)
(101148801,0)
(101148803,0)
(101148805,0)
(101148806,0)
(101148807,0)
(101148833,0)
(101148834,0)
(101148835,0)
(101148836,0)
(101148838,0)
(101148839,0)
(101148840,0)
(101148860,0)
(101148877,0)
(101148878,0)
(101148880,0)
(101148882,0)
(101148899,0)
(101148913,0)
(101148915,0)
(101148916,0)
(101148917,0)
(101148919,0)
(101148920,0)
(101148922,0)
(101148923,0)
(101148928,0)
(101148930,0)
(101148933,0)
(101148934,0)
(101148942,0)
(101148949,0)
(101148952,0)
(101148954,0)
(101148958,0)
(101148961,0)
(101148962,0)
(101148964,0)
(101148966,0)
(101148967,0)
(101148978,0)
(101148979,0)
(101148981,0)
(101148986,0)
(101148987,0)
(101148988,0)
(101148999,0)
(101149000,0)
(101149001,0)
(101149006,0)
(101149007,0)
(101149014,0)
(101149017,0)
(101149018,0)
(101149019,0)
(101149021,0)
(101149022,0)
(101149024,0)
(101149026,0)
(101149027,0)
(101149032,0)
(101149038,0)
(101149047,0)
(101149049,0)
(101149051,0)
(101149052,0)
(101149053,0)
(101149054,0)
(101149058,0)
(101149059,0)
(101149061,0)
(101149063,0)
(101149064,0)
(101149067,0)
(101149068,0)
(101149069,0)
(101149072,0)
(101149074,0)
(101149077,0)
(101149079,0)
(101149080,0)
(101149096,0)
(101149103,0)
(101149105,0)
(101149108,0)
(101149116,0)
(101149118,0)
(101149121,0)
(101149127,0)
(101149128,0)
(101149129,0)
(101149133,0)
(101149136,0)
(101149143,0)
(101149146,0)
(101149153,0)
(101149155,0)
(101149159,0)
(101149163,0)
(101149169,0)
(101149170,0)
(101149176,0)
(101149184,0)
(101149185,0)
(101149188,0)
(101149189,0)
(101149194,0)
(101149195,0)
(101149197,0)
(101149199,0)
(101149201,0)
(101149203,0)
(101149204,0)
(101149205,0)
(101149206,0)
(101149207,0)
(101149208,0)
(101149211,0)
(101149212,0)
(101149215,0)
(101149217,0)
(101149219,0)
(101149222,0)
(101149223,0)
(101149224,0)
(101149243,0)
(101149246,0)
(101149247,0)
(101149248,0)
(101149249,0)
(101149255,0)
(101149256,0)
(101149258,0)
(101149259,0)
(101149267,0)
(101149272,0)
(101149275,0)
(101149276,0)
(101149277,0)
(101149279,0)
