(101149280,0)
(101149282,0)
(101149285,0)
(101149287,0)
(101149290,0)
(101149293,0)
(101149297,0)
(101149300,0)
(101149301,1)
(101149304,2)
(101149307,0)
(101149310,1)
(101149312,0)
(101149313,9)
(101149316,0)
(101149325,9)
(101149328,0)
(101149330,9)
(101149332,0)
(101149336,0)
(101149340,8)
(101149344,0)
(101149347,0)
(101149350,0)
(101149352,0)
(101149353,1)
(101149356,2)
(101149378,0)
(101149380,0)
(101149382,3)
(101149383,0)
(101149385,0)
(101149386,0)
(101149387,4)
(101149390,0)
(101149393,0)
(101149395,0)
(101149396,5)
(101149402,0)
(101149406,0)
(101149410,0)
(101149412,0)
(101149413,6)
(101149414,0)
(101149442,0)
(101149453,0)
(101149457,7)
(101149460,0)
(101149469,0)
(101149475,0)
(101149476,9)
(101149478,8)
(101149480,0)
(101149484,8)
(101149497,0)
(101149499,0)
(101149501,0)
(101149502,7)
(101149504,8)
(101149507,0)
(101149509,0)
(101149510,0)
(101149513,7)
(101149515,0)
(101149517,0)
(101149518,2)
(101149519,0)
(101149522,0)
(101149525,0)
(101149530,7)
(101149533,0)
(101149534,0)
(101149539,0)
(101149542,8)
(101149544,0)
(101149549,0)
(101149551,0)
(101149552,4)
(101149553,0)
(101149555,0)
(101149566,0)
(101149567,2)
(101149568,0)
(101149570,0)
(101149571,3)
(101149572,0)
(101149574,0)
(101149575,6)
(101149576,5)
(101149578,0)
(101149579,0)
(101149581,0)
(101149582,0)
(101149583,0)
(101149585,0)
(101149587,0)
(101149591,9)
(101149600,0)
(101149605,0)
(101149607,0)
(101149609,7)
(101149612,5)
(101149613,2)
(101149621,0)
(101149622,0)
(101149623,0)
(101149625,0)
(101149626,0)
(101149628,0)
(101149630,0)
(101149632,0)
(101149633,0)
(101149650,0)
(101149654,0)
(101149664,0)
(101149666,0)
(101149673,0)
(101149675,0)
(101149676,8)
(101149677,9)
(101149682,6)
(101149684,0)
(101149685,8)
(101149686,0)
(101149687,2)
(101149688,0)
(101149690,4)
(101149691,0)
(101149696,0)
(101149702,2)
(101149704,2)
(101149705,0)
(101149706,3)
(101149710,0)
(101149720,0)
(101149723,4)
(101149724,0)
(101149726,0)
(101149729,5)
(101149730,0)
(101149733,2)
(101149737,0)
(101149740,0)
(101149742,6)
(101149743,0)
(101149747,0)
(101149749,7)
(101149750,0)
(101149753,8)
(101149754,0)
(101149755,8)
(101149756,0)
(101149760,0)
(101149763,8)
(101149767,8)
(101149774,0)
(101149777,0)
(101149778,9)
(101149779,0)
(101149783,0)
(101149787,0)
(101149788,2)
(101149793,0)
(101149795,2)
(101149802,0)
(101149804,1)
(101149813,1)
(101149820,1)
(101149821,0)
(101149829,0)
(101149835,0)
(101149838,0)
(101149839,0)
(101149840,0)
(101149842,0)
(101149844,0)
(101149845,0)
(101149846,0)
(101149848,0)
(101149849,0)
(101149850,0)
(101149857,1)
(101149858,0)
(101149859,0)
(101149865,0)
(101149868,0)
(101149870,0)
(101149877,0)
(101149882,0)
(101149886,0)
(101149891,0)
(101149893,0)
(101149898,0)
(101149899,0)
(101149903,0)
(101149904,0)
(101149906,0)
(101149907,0)
(101149916,0)
(101149920,0)
(101149927,0)
(101149928,0)
(101149930,0)
(101149931,0)
(101149932,0)
(101149933,0)
(101149945,0)
(101149948,0)
(101149949,0)
(101149974,0)
(101149980,0)
(101149982,0)
(101149983,0)
(101149988,0)
(101149995,0)
(101150001,0)
(101150002,0)
(101150008,0)
(101150020,0)
(101150025,0)
(101150031,0)
(101150032,0)
(101150034,0)
(101150035,0)
(101150036,0)
(101150039,0)
(101150040,0)
(101150041,0)
(101150043,0)
(101150048,0)
(101150050,0)
(101150051,0)
(101150052,0)
(101150053,0)
(101150054,0)
(101150063,0)
(101150069,0)
(101150070,0)
(101150071,0)
(101150080,0)
(101150081,0)
(101150082,0)
(101150083,0)
(101150088,0)
(101150090,0)
(101150094,0)
(101150095,0)
(101150096,0)
(101150099,0)
(101150100,0)
(101150112,0)
(101150121,0)
(101150123,0)
(101150124,0)
(101150131,0)
(101150132,0)
(101150133,0)
(101150139,0)
(101150142,0)
(101150143,0)
(101150146,0)
(101150147,0)
(101150149,0)
(101150150,0)
(101150152,0)
(101150153,0)
(101150154,0)
(101150155,0)
(101150156,0)
(101150157,0)
(101150161,0)
(101150163,0)
(101150168,0)
(101150169,0)
(101150170,0)
(101150171,0)
(101150172,0)
(101150173,0)
(101150174,0)
(101150175,0)
(101150176,0)
(101150177,0)
(101150179,0)
(101150181,0)
(101150182,0)
(101150186,0)
(101150188,0)
(101150189,0)
(101150190,0)
(101150197,0)
(101150199,0)
(101150205,0)
(101150210,0)
(101150225,0)
(101150226,0)
(101150230,0)
(101150232,0)
(101150244,0)
(101150249,0)
(101150253,0)
(101150254,0)
(101150256,0)
(101150257,0)
(101150259,0)
(101150262,0)
(101150264,0)
(101150266,0)
(101150280,0)
(101150281,0)
(101150283,0)
(101150300,0)
(101150306,0)
(101150308,0)
(101150309,0)
(101150312,0)
(101150313,0)
(101150317,0)
(101150319,0)
(101150329,0)
(101150338,0)
(101150339,0)
(101150343,7)
(101150347,7)
(101150348,0)
(101150349,7)
(101150353,0)
(101150358,0)
(101150362,0)
(101150370,0)
(101150373,0)
(101150375,0)
(101150376,0)
(101150377,0)
(101150378,0)
(101150382,0)
(101150386,0)
(101150387,0)
(101150388,0)
(101150393,0)
(101150395,0)
(101150396,0)
(101150399,0)
(101150400,0)
(101150401,0)
(101150402,0)
(101150403,0)
(101150404,0)
(101150405,0)
(101150406,0)
(101150408,0)
(101150409,0)
(101150410,0)
(101150413,0)
(101150414,0)
(101150415,0)
(101150417,0)
(101150426,0)
(101150428,0)
(101150429,0)
(101150437,0)
(101150441,0)
(101150443,0)
(101150446,0)
(101150454,0)
(101150455,0)
(101150456,0)
(101150459,0)
(101150467,0)
(101150470,0)
(101150471,0)
(101150472,0)
(101150473,0)
(101150475,0)
(101150477,0)
(101150479,0)
(101150481,0)
(101150487,0)
(101150491,0)
(101150492,0)
(101150493,0)
(101150496,0)
(101150497,0)
(101150499,0)
(101150509,0)
(101150512,0)
(101150513,0)
(101150515,0)
(101150519,0)
(101150524,0)
(101150526,0)
(101150532,0)
(101150534,0)
(101150536,0)
(101150538,0)
(101150541,0)
(101150543,0)
(101150553,0)
(101150554,0)
(101150560,0)
(101150561,0)
(101150562,0)
(101150564,0)
(101150565,0)
(101150570,0)
(101150571,0)
(101150582,0)
(101150584,0)
(101150587,0)
(101150589,0)
(101150590,0)
(101150592,0)
(101150598,0)
(101150599,0)
(101150600,0)
(101150602,0)
(101150603,0)
(101150605,0)
(101150606,0)
(101150607,0)
(101150609,0)
(101150610,0)
(101150615,0)
(101150616,0)
(101150617,0)
(101150618,0)
(101150621,0)
(101150626,0)
(101150631,0)
(101150632,0)
(101150635,0)
(101150638,0)
(101150645,0)
(101150648,0)
(101150649,0)
(101150650,0)
(101150658,0)
(101150659,0)
(101150662,0)
(101150663,0)
(101150666,0)
(101150667,0)
(101150670,0)
(101150671,0)
(101150673,0)
(101150675,0)
(101150692,0)
(101150693,0)
(101150694,0)
(101150706,0)
(101150709,0)
(101150712,0)
(101150721,0)
(101150724,0)
(101150725,0)
(101150727,0)
(101150728,0)
(101150729,0)
(101150744,0)
(101150745,0)
(101150748,0)
(101150749,0)
(101150750,0)
(101150756,0)
(101150768,0)
(101150770,0)
(101150775,0)
(101150779,0)
(101150783,0)
(101150791,0)
(101150793,0)
(101150794,0)
(101150796,0)
(101150798,0)
(101150800,0)
(101150803,0)
(101150804,0)
(101150805,0)
(101150807,0)
(101150809,0)
(101150810,0)
(101150814,0)
(101150816,0)
(101150819,0)
(101150821,0)
(101150822,0)
(101150824,0)
(101150826,0)
(101150830,0)
(101150833,0)
(101150841,0)
(101150843,0)
(101150849,0)
(101150850,0)
(101150853,0)
(101150854,0)
(101150855,0)
(101150856,0)
(101150860,0)
(101150863,0)
(101150864,0)
(101150865,0)
(101150867,0)
(101150872,0)
(101150876,0)
(101150882,0)
(101150883,0)
(101150886,0)
(101150891,0)
(101150892,0)
(101150896,0)
(101150898,0)
(101150901,0)
(101150904,0)
(101150905,0)
(101150910,0)
(101150913,0)
(101150917,0)
(101150920,0)
(101150921,0)
(101150925,0)
(101150929,0)
(101150934,0)
(101150937,0)
(101150938,0)
(101150941,0)
(101150942,0)
(101150947,0)
(101150950,0)
(101150961,0)
(101150967,0)
(101150968,0)
(101150978,0)
(101151000,0)
(101151001,0)
(101151009,0)
(101151012,0)
(101151013,0)
(101151014,0)
(101151016,0)
(101151017,0)
(101151020,0)
(101151022,0)
(101151036,0)
(101151037,0)
(101151040,0)
(101151049,0)
(101151050,0)
(101151053,0)
(101151055,0)
(101151056,0)
(101151059,0)
(101151060,0)
(101151063,0)
(101151069,0)
(101151070,0)
(101151073,0)
(101151074,0)
(101151076,0)
(101151077,0)
(101151079,0)
(101151082,0)
(101151084,0)
(101151086,0)
(101151091,0)
(101151094,0)
(101151100,0)
(101151103,0)
(101151104,0)
(101151105,0)
(101151108,0)
(101151109,0)
(101151122,0)
(101151123,0)
(101151127,0)
(101151128,0)
(101151132,0)
(101151133,0)
(101151134,0)
(101151135,0)
(101151137,0)
(101151143,0)
(101151144,0)
(101151146,0)
(101151147,0)
(101151151,0)
(101151156,0)
(101151162,0)
(101151164,0)
(101151165,0)
(101151168,0)
(101151171,0)
(101151172,0)
(101151174,0)
(101151176,0)
(101151177,0)
(101151179,0)
(101151180,0)
(101151184,0)
(101151185,0)
(101151189,0)
(101151190,0)
(101151191,0)
(101151192,0)
(101151193,0)
(101151194,0)
(101151196,0)
(101151201,0)
(101151209,0)
(101151211,0)
(101151212,0)
(101151216,0)
(101151217,0)
(101151219,0)
(101151221,0)
(101151226,0)
(101151228,0)
(101151232,0)
(101151235,0)
(101151242,0)
(101151245,0)
(101151251,0)
(101151252,0)
(101151255,0)
(101151258,0)
(101151260,0)
(101151262,0)
(101151268,0)
(101151272,0)
(101151273,0)
(101151274,0)
(101151276,0)
(101151277,0)
(101151279,0)
(101151281,0)
(101151285,0)
(101151299,0)
(101151319,0)
(101151326,0)
(101151335,0)
(101151336,0)
(101151341,0)
(101200003,0)
(101200053,0)
(101200076,0)
(101200119,0)
(101200186,0)
(101200464,0)
(101200631,0)
(101200794,0)
(101200864,0)
(101200890,0)
(101200984,0)
(101201064,0)
(101201069,0)
(101201088,0)
(101201139,0)
(101201161,0)
(101201188,0)
(101201195,0)
(101201229,0)
(101201361,0)
(101201388,0)
(101201515,0)
(101201522,0)
(101201552,0)
(101201584,0)
(101201729,0)
(101201732,0)
(101201741,0)
(101201833,0)
(101201842,0)
(101201871,0)
(101201874,0)
(101201898,0)
(101201970,0)
(101201971,0)
(101202030,0)
(101202046,0)
(101202076,0)
(101202146,0)
(101202217,0)
(101202279,0)
(101202280,0)
(101202319,3)
(101202348,0)
(101202351,0)
(101202354,0)
(101202445,0)
(101202485,0)
(101202515,0)
(101202520,0)
(101202537,0)
(101202572,0)
(101202593,0)
(101202618,0)
(101202620,0)
(101202623,0)
(101202642,0)
(101202664,0)
(101202675,0)
(101202686,0)
(101202697,0)
(101202741,0)
(101202762,0)
(101202792,0)
(101202903,0)
(101202907,0)
(101202909,0)
(101202939,0)
(101203011,0)
(101203049,0)
(101203070,0)
(101203106,0)
(101203117,0)
(101203176,0)
(101203179,0)
(101203251,0)
(101203346,0)
(101203373,0)
(101203377,0)
(101203383,0)
(101203386,0)
(101203387,0)
(101203390,0)
(101203391,0)
(101203394,0)
(101203396,0)
(101203484,0)
(101203496,0)
(101203519,0)
(101203587,0)
(101203599,0)
(101203621,0)
(101203634,0)
(101203665,0)
(101203671,0)
(101203700,0)
(101203744,0)
(101203801,0)
(101203826,0)
(101203838,0)
(101203844,0)
(101203852,0)
(101203896,0)
(101203911,0)
(101203927,0)
(101203929,0)
(101203935,0)
(101203952,0)
(101203989,0)
(101204000,0)
(101204006,0)
(101204091,0)
(101204092,0)
(101204096,0)
(101204113,0)
(101204180,0)
(101204183,0)
(101204189,0)
(101204199,0)
(101204217,0)
(101204225,0)
(101204226,0)
(101204246,0)
(101204264,0)
(101204274,0)
(101204275,0)
(101204301,0)
(101204329,0)
(101204343,0)
(101204377,0)
(101204396,0)
(101204398,0)
(101204444,0)
(101204513,0)
(101204524,0)
(101204527,0)
(101204529,0)
(101204594,0)
(101204665,0)
(101204752,0)
(101204756,0)
(101204766,0)
(101204768,0)
(101204770,0)
(101204776,0)
(101204778,0)
(101204787,0)
(101204789,0)
(101204790,0)
(101204807,0)
(101204811,0)
(101204855,0)
(101204894,0)
(101204938,0)
(101205013,0)
(101205042,0)
(101205043,0)
(101205044,0)
(101205064,0)
(101205068,0)
(101205072,0)
(101205078,0)
(101205086,0)
(101205113,0)
(101205124,0)
(101205125,0)
(101205135,0)
(101205236,0)
(101205283,0)
(101205284,0)
(101205293,0)
(101205310,0)
(101205314,0)
(101205315,0)
(101205319,0)
(101205329,0)
(101205333,0)
(101205334,0)
(101205358,0)
(101205374,0)
(101205383,0)
(101205432,0)
(101205437,0)
(101205442,0)
(101205450,0)
(101205461,0)
(101205465,0)
(101205467,0)
(101205468,0)
(101205479,0)
(101205482,0)
(101205498,0)
(101205507,0)
(101205553,0)
(101205558,0)
(101205570,0)
(101205581,0)
(101205583,0)
(101205589,0)
(101205624,0)
(101205636,0)
(101205638,0)
(101205649,0)
(101205656,0)
(101205678,0)
(101205681,0)
(101205724,0)
(101205729,0)
(101205730,0)
(101205731,0)
(101205735,0)
(101205790,0)
(101205800,0)
(101205801,0)
(101205846,0)
(101205852,0)
(101205854,0)
(101205857,0)
(101205929,0)
(101205942,0)
(101205947,0)
(101205969,0)
(101205989,0)
(101206013,0)
(101206053,0)
(101206148,0)
(101206171,0)
(101206177,0)
(101206178,0)
(101206198,0)
(101206199,0)
(101206206,0)
(101206232,0)
(101206257,0)
(101206267,0)
(101206299,0)
(101206322,0)
(101206323,0)
(101206324,0)
(101206334,0)
(101206344,0)
(101206372,0)
(101206388,0)
(101206423,0)
(101206428,0)
(101206440,0)
(101206446,0)
(101206469,0)
(101206474,0)
(101206491,0)
(101206496,0)
(101206509,0)
(101206511,0)
(101206560,0)
(101206563,0)
(101206590,0)
(101206594,0)
(101206611,0)
(101206624,0)
(101206627,0)
(101206664,0)
(101206674,0)
(101206713,0)
(101206715,0)
(101206725,0)
(101206728,0)
(101206730,0)
(101206737,0)
(101206742,0)
(101206743,0)
(101206745,0)
(101206752,0)
(101206772,0)
(101206776,0)
(101206778,0)
(101206781,0)
(101206783,0)
(101206785,0)
(101206789,0)
(101206791,0)
(101206794,0)
(101206805,0)
(101206817,0)
(101206819,0)
(101206829,0)
(101206863,0)
(101206870,0)
(101206899,0)
(101206910,0)
(101206918,0)
(101206936,0)
(101206937,0)
(101206945,0)
(101206976,0)
(101206988,0)
(101206994,0)
(101206998,0)
(101207015,0)
(101207020,0)
(101207023,0)
(101207026,0)
(101207037,0)
(101207038,0)
(101207044,0)
(101207059,0)
(101207079,0)
(101207107,0)
(101207127,0)
(101207173,0)
(101207201,0)
(101207240,0)
(101207241,0)
(101207258,0)
(101207268,0)
(101207269,0)
(101207280,0)
(101207318,0)
(101207362,0)
(101207365,0)
(101207370,0)
(101207379,0)
(101207380,0)
(101207384,0)
(101207407,0)
(101207408,0)
(101207423,0)
(101207424,0)
(101207452,0)
(101207460,0)
(101207462,0)
(101207465,0)
(101207473,0)
(101207482,0)
(101207483,0)
(101207495,0)
(101207497,0)
(101207559,0)
(101207573,0)
(101207596,0)
(101207628,0)
(101207645,0)
(101207655,0)
(101207656,0)
(101207666,0)
(101207700,0)
(101207720,0)
(101207731,0)
(101207735,0)
(101207746,0)
(101207749,0)
(101207766,0)
(101207774,0)
(101207781,0)
(101207783,0)
(101207786,0)
(101207790,0)
(101207800,0)
(101207805,0)
(101207807,0)
(101207847,0)
(101207851,0)
(101207853,0)
(101207854,0)
(101207863,0)
(101207865,0)
(101207867,0)
(101207869,0)
(101207872,0)
(101207873,0)
(101207875,0)
(101207877,0)
(101207881,0)
(101207885,0)
(101207898,0)
(101207921,0)
(101207924,0)
(101207929,0)
(101207930,0)
(101207932,0)
(101207936,0)
(101207940,0)
(101207949,0)
(101207958,0)
(101207965,0)
(101207969,0)
(101207989,0)
(101208019,0)
(101208020,0)
(101208021,0)
(101208022,0)
(101208024,0)
(101208027,0)
(101208038,0)
(101208045,0)
(101208050,0)
(101208058,0)
(101208060,0)
(101208061,0)
(101208062,0)
(101208065,0)
(101208076,0)
(101208089,0)
(101208090,0)
(101208133,0)
(101208140,0)
(101208142,0)
(101208143,0)
(101208148,0)
(101208155,0)
(101208168,0)
(101208181,0)
(101208184,0)
(101208199,0)
(101208255,0)
(101208271,0)
(101208281,0)
(101208284,0)
(101208318,0)
(101208337,0)
(101208342,0)
(101208348,0)
(101208351,0)
(101208354,0)
(101208356,0)
(101208361,0)
(101208366,0)
(101208367,0)
(101208368,0)
(101208374,0)
(101208384,0)
(101208423,0)
(101208429,0)
(101208438,0)
(101208439,0)
(101208440,0)
(101208442,0)
(101208451,0)
(101208483,0)
(101208491,0)
(101208508,0)
(101208516,0)
(101208543,0)
(101208548,0)
(101208549,0)
(101208550,0)
(101208551,0)
(101208552,0)
(101208557,0)
(101208559,0)
(101208561,0)
(101208562,0)
(101208565,0)
(101208568,0)
(101208569,0)
(101208570,0)
(101208576,0)
(101208584,0)
(101208592,0)
(101208593,0)
(101208596,0)
(101208651,0)
(101208654,0)
(101208655,0)
(101208656,0)
(101208657,0)
(101208658,0)
(101208684,0)
(101208711,0)
(101208737,0)
(101208741,0)
(101208754,0)
(101208755,0)
(101208762,0)
(101208770,0)
(101208771,0)
(101208782,0)
(101208783,0)
(101208785,0)
(101208792,0)
(101208793,0)
(101208831,0)
(101208862,0)
(101208868,0)
(101208882,0)
(101208892,0)
(101208901,0)
(101208904,0)
(101208942,0)
(101208943,0)
(101208944,0)
(101208948,0)
(101208952,0)
(101208959,0)
(101208962,0)
(101208963,0)
(101208964,0)
(101208993,0)
(101208995,0)
(101209002,0)
(101209005,0)
(101209006,0)
(101209009,0)
(101209014,0)
(101209035,0)
(101209036,0)
(101209040,0)
(101209055,0)
(101209056,0)
(101209066,0)
(101209068,0)
(101209072,0)
(101209091,0)
(101209097,0)
(101209117,0)
(101209119,0)
(101209130,0)
(101209131,0)
(101209151,0)
(101209154,0)
(101209158,0)
(101209173,0)
(101209180,0)
(101209183,0)
(101209195,0)
(101209197,0)
(101209214,0)
(101209221,0)
(101209252,0)
(101209256,0)
(101209290,0)
(101209293,0)
(101209298,0)
(101209302,0)
(101209304,0)
(101209308,0)
(101209309,0)
(101209334,0)
(101209336,0)
(101209349,0)
(101209352,0)
(101209353,0)
(101209358,0)
(101209366,0)
(101209367,0)
(101209381,0)
(101209383,0)
(101209387,0)
(101209391,0)
(101209399,0)
(101209406,0)
(101209410,0)
(101209414,0)
(101209418,0)
(101209423,0)
(101209426,0)
(101209428,0)
(101209434,0)
(101209439,0)
(101209441,0)
(101209442,0)
(101209444,0)
(101209445,0)
(101209447,0)
(101209450,0)
(101209501,0)
(101209512,0)
(101209518,0)
(101209519,0)
(101209525,0)
(101209545,0)
(101209546,0)
(101209550,0)
(101209551,0)
(101209556,0)
(101209563,0)
(101209566,0)
(101209573,0)
(101209577,0)
(101209583,0)
(101209584,0)
(101209592,0)
(101209600,0)
(101209619,0)
(101209624,0)
(101209644,0)
(101209650,0)
(101209651,0)
(101209653,0)
(101209654,0)
(101209656,0)
(101209658,0)
(101209668,0)
(101209670,0)
(101209671,0)
(101209682,0)
(101209685,0)
(101209701,0)
(101209707,0)
(101209708,0)
(101209710,0)
(101209711,0)
(101209712,0)
(101209717,0)
(101209718,0)
(101209722,0)
(101209728,0)
(101209730,0)
(101209731,0)
(101209734,0)
(101209740,0)
(101209748,0)
(101209750,0)
(101209754,0)
(101209755,0)
(101209759,0)
(101209768,0)
(101209792,0)
(101209797,0)
(101209800,0)
(101209803,0)
(101209810,0)
(101209833,0)
(101209846,0)
(101209847,0)
(101209849,0)
(101209861,0)
(101209862,0)
(101209863,0)
(101209864,0)
(101209865,0)
(101209866,0)
(101209868,0)
(101209870,0)
(101209890,0)
(101209892,0)
(101209895,0)
(101209898,0)
(101209899,0)
(101209900,0)
(101209903,0)
(101209907,0)
(101209908,0)
(101209909,0)
(101209910,0)
(101209913,0)
(101209915,0)
(101209916,0)
(101209918,0)
(101209919,0)
(101209920,0)
(101209921,0)
(101209926,0)
(101209956,0)
(101209957,0)
(101209962,0)
(101209964,0)
(101209969,0)
(101209973,0)
(101209975,0)
(101209980,0)
(101209981,0)
(101209987,0)
(101209997,0)
(101210002,0)
(101210014,0)
(101210018,0)
(101210025,0)
(101210031,0)
(101210033,0)
(101210034,0)
(101210039,0)
(101210046,0)
(101210049,0)
(101210051,0)
(101210057,0)
(101210063,0)
(101210070,0)
(101210072,0)
(101210076,0)
(101210077,0)
(101210080,0)
(101210087,0)
(101210092,0)
(101210098,0)
(101210101,0)
(101210104,0)
(101210105,0)
(101210106,0)
(101210108,0)
(101210117,0)
(101210122,0)
(101210130,0)
(101210131,0)
(101210134,0)
(101210146,0)
(101210148,0)
(101210154,0)
(101210156,0)
(101210157,0)
(101210162,0)
(101210182,0)
(101210201,0)
(101210221,0)
(101210222,0)
(101210223,0)
(101210224,0)
(101210225,0)
(101210228,0)
(101210234,0)
(101210241,0)
(101210251,0)
(101210261,0)
(101210262,0)
(101210269,0)
(101210271,0)
(101210274,0)
(101210275,0)
(101210291,0)
(101210292,0)
(101210296,0)
(101210299,0)
(101210301,0)
(101210303,0)
(101210304,0)
(101210305,0)
(101210308,0)
(101210309,0)
(101210310,0)
(101210311,0)
(101210313,0)
(101210316,0)
(101210318,0)
(101210322,0)
(101210323,0)
(101210324,0)
(101210331,0)
(101210336,0)
(101210338,0)
(101210339,0)
(101210343,0)
(101210345,0)
(101210355,0)
(101210356,0)
(101210357,0)
(101210358,0)
(101210360,0)
(101210361,0)
(101210365,0)
(101210367,0)
(101210369,0)
(101210372,0)
(101210374,0)
(101210376,0)
(101210383,0)
(101210386,0)
(101210389,0)
(101210394,0)
(101210407,0)
(101210408,0)
(101210415,0)
(101210417,0)
(101210420,0)
(101210423,0)
(101210426,0)
(101210428,0)
(101210429,0)
(101210432,0)
(101210436,0)
(101210438,0)
(101210441,0)
(101210442,0)
(101210443,0)
(101210447,0)
(101210451,0)
(101210456,0)
(101210462,0)
(101210470,0)
(101210475,0)
(101210476,0)
(101210503,0)
(101210504,0)
(101210505,0)
(101210515,0)
(101210517,0)
(101210519,0)
(101210520,0)
(101210535,0)
(101210547,0)
(101210569,0)
(101210576,0)
(101210601,0)
(101210603,0)
(101210614,0)
(101210615,0)
(101210616,0)
(101210622,0)
(101210623,0)
(101210630,0)
(101210633,0)
(101210634,0)
(101210650,0)
(101210654,0)
(101210657,0)
(101210658,0)
(101210662,0)
(101210663,0)
(101210669,0)
(101210678,0)
(101210685,0)
(101210688,0)
(101210689,0)
(101210690,0)
(101210691,0)
(101210695,0)
(101210696,0)
(101210698,0)
(101210700,0)
(101210702,0)
(101210704,0)
(101210706,0)
(101210709,0)
(101210712,0)
(101210716,0)
(101210717,0)
(101210719,0)
(101210723,0)
(101210725,0)
(101210731,0)
(101210732,0)
(101210733,0)
(101210736,0)
(101210747,0)
(101210767,0)
(101210770,0)
(101210771,0)
(101210772,0)
(101210773,0)
(101210776,0)
(101210777,0)
(101210778,0)
(101210779,0)
(101210780,0)
(101210781,0)
(101210783,0)
(101210784,0)
(101210785,0)
(101210786,0)
(101210793,0)
(101210796,0)
(101210799,0)
(101210801,0)
(101210803,0)
(101210808,0)
(101210810,0)
(101210815,0)
(101210816,0)
(101210818,0)
(101210820,0)
(101210825,0)
(101210826,0)
(101210828,0)
(101210829,0)
(101210831,0)
(101210835,0)
(101210836,0)
(101210841,0)
(101210843,0)
(101210845,0)
(101210846,0)
(101210847,0)
(101210852,0)
(101210855,0)
(101210867,0)
(101210876,0)
(101210878,0)
(101210882,0)
(101210891,0)
(101210892,0)
(101210901,0)
(101210907,0)
(101210912,0)
(101210913,0)
(101210917,0)
(101210922,0)
(101210924,0)
(101210928,0)
(101210935,0)
(101210936,0)
(101210937,0)
(101210938,0)
(101210941,0)
(101210942,0)
(101210944,0)
(101210948,0)
(101210951,0)
(101210955,0)
(101210957,0)
(101210958,0)
(101210965,0)
(101210966,0)
(101210970,0)
(101210972,0)
(101210979,0)
(101210990,0)
(101210994,0)
(101211015,0)
(101211037,0)
(101211045,0)
(101211046,0)
(101211055,0)
(101211056,0)
(101211062,0)
(101211065,0)
(101211071,0)
(101211076,0)
(101211084,0)
(101211085,0)
(101211089,0)
(101211092,0)
(101211095,0)
(101211096,0)
(101211105,0)
(101211135,0)
(101211138,0)
(101211139,0)
(101211142,0)
(101211144,0)
(101211145,0)
(101211146,0)
(101211148,0)
(101211149,0)
(101211152,0)
(101211155,0)
(101211156,0)
(101211157,0)
(101211158,0)
(101211161,0)
(101211163,0)
(101211164,0)
(101211165,0)
(101211166,0)
(101211167,0)
(101211168,0)
(101211169,0)
(101211170,0)
(101211171,0)
(101211172,0)
(101211173,0)
(101211174,0)
(101211175,0)
(101211176,0)
(101211177,0)
(101211178,0)
(101211179,0)
(101211180,0)
(101211182,0)
(101211186,0)
(101211190,0)
(101211191,0)
(101211196,0)
(101211197,0)
(101211199,0)
(101211200,0)
(101211201,0)
(101211202,0)
(101211203,0)
(101211205,0)
(101211206,0)
(101211208,0)
(101211210,0)
(101211211,0)
(101211218,0)
(101211219,0)
(101211222,0)
(101211227,0)
(101211231,0)
(101211232,0)
(101211240,0)
(101211251,0)
(101211252,0)
(101211255,0)
(101211257,0)
(101211261,0)
(101211263,0)
(101211264,0)
(101211265,0)
(101211266,0)
(101211268,0)
(101211271,0)
(101211272,0)
(101211273,0)
(101211276,0)
(101211280,0)
(101211282,0)
(101211283,0)
(101211285,0)
(101211293,0)
(101211301,0)
(101211302,0)
(101211303,0)
(101211306,0)
(101211311,0)
(101211314,0)
(101211323,0)
(101211324,0)
(101211335,0)
(101211337,0)
(101211341,0)
(101211347,0)
(101211353,0)
(101211354,0)
(101211357,0)
(101211360,0)
(101211363,0)
(101211365,0)
(101211372,0)
(101211373,0)
(101211374,0)
(101211377,0)
(101211378,0)
(101211379,0)
(101211380,0)
(101211381,0)
(101211386,0)
(101211390,0)
(101211391,0)
(101211395,0)
(101211397,0)
(101211402,0)
(101211406,0)
(101211408,0)
(101211410,0)
(101211411,0)
(101211414,0)
(101211420,0)
(101211427,0)
(101211435,0)
(101211436,0)
(101211439,0)
(101211465,0)
(101211466,0)
(101211473,0)
(101211480,0)
(101211482,0)
(101211488,0)
(101211489,0)
(101211491,0)
(101211496,0)
(101211497,0)
(101211500,0)
(101211501,0)
(101211505,0)
(101211507,0)
(101211509,0)
(101211511,0)
(101211513,0)
(101211514,0)
(101211515,0)
(101211523,0)
(101211524,0)
(101211543,0)
(101211544,0)
(101211550,0)
(101211554,0)
(101211559,0)
(101211566,0)
(101211571,0)
(101211578,0)
(101211580,0)
(101211581,0)
(101211587,0)
(101211588,0)
(101211597,0)
(101211599,0)
(101211601,0)
(101211604,0)
(101211607,0)
(101211608,0)
(101211609,0)
(101211611,0)
(101211620,0)
(101211621,0)
(101211622,0)
(101211631,0)
(101211642,0)
(101211646,0)
(101211648,0)
(101211655,0)
(101211656,0)
(101211658,0)
(101211661,0)
(101211663,0)
(101211675,0)
(101211679,0)
(101211684,0)
(101211686,0)
(101211688,0)
(101211691,0)
(101211692,0)
(101211694,0)
(101211695,0)
(101211696,0)
(101211697,0)
(101211699,0)
(101211701,0)
(101211702,0)
(101211704,0)
(101211705,0)
(101211707,0)
(101211708,0)
(101211710,0)
(101211711,0)
(101211712,0)
(101211713,0)
(101211715,0)
(101211716,0)
(101211717,0)
(101211718,0)
(101211721,0)
(101211722,0)
(101211725,0)
(101211726,0)
(101211727,0)
(101211728,0)
(101211730,0)
(101211731,0)
(101211732,0)
(101211733,0)
(101211734,0)
(101211735,0)
(101211737,0)
(101211739,0)
(101211742,0)
(101211743,0)
(101211744,0)
(101211745,0)
(101211746,0)
(101211753,0)
(101211755,0)
(101211758,0)
(101211762,0)
(101211763,0)
(101211764,0)
(101211765,0)
(101211768,0)
(101211769,0)
(101211770,0)
(101211771,0)
(101211773,0)
(101211774,0)
(101211782,0)
(101211783,0)
(101211785,0)
(101211787,0)
(101211788,0)
(101211790,0)
(101211792,0)
(101211793,0)
(101211794,0)
(101211795,0)
(101211796,0)
(101211799,0)
(101211806,0)
(101211807,0)
(101211808,0)
(101211810,0)
(101211812,0)
(101211815,0)
(101211817,0)
(101211820,0)
(101211821,0)
(101211823,0)
(101211824,0)
(101211829,0)
(101211831,0)
(101211832,0)
(101211837,0)
(101211838,0)
(101211839,0)
(101211840,0)
(101211852,0)
(101211855,0)
(101211856,0)
(101211857,0)
(101211858,0)
(101211862,0)
(101211867,0)
(101211868,0)
(101211871,0)
(101211880,0)
(101211884,0)
(101211887,0)
(101211888,0)
(101211891,0)
(101211897,0)
(101211902,0)
(101211907,0)
(101211910,0)
(101211918,0)
(101211920,0)
(101211928,0)
(101211931,0)
(101211939,0)
(101211946,0)
(101211947,0)
(101211951,0)
(101211966,0)
(101211969,0)
(101211980,0)
(101211991,0)
(101211994,0)
(101211998,0)
(101211999,0)
(101212004,0)
(101212005,0)
(101212006,0)
(101212008,0)
(101212013,0)
(101212021,0)
(101212029,0)
(101212032,0)
(101212034,0)
(101212036,0)
(101212043,0)
(101212045,0)
(101212047,0)
(101212053,0)
(101212054,0)
(101212056,0)
(101212057,0)
(101212059,0)
(101212061,0)
(101212069,0)
(101212077,0)
(101212079,0)
(101212080,0)
(101212086,0)
(101212088,0)
(101212089,0)
(101212091,0)
(101212092,0)
(101212102,0)
(101212108,0)
(101212112,0)
(101212113,0)
(101212117,0)
(101212119,0)
(101212124,0)
(101212125,0)
(101212131,0)
(101212133,0)
(101212134,0)
(101212135,0)
(101212136,0)
(101212138,0)
(101212139,0)
(101212145,0)
(101212151,0)
(101212152,0)
(101212153,0)
(101212156,0)
(101212175,0)
(101212184,0)
(101212187,0)
(101212188,0)
(101212189,0)
(101212191,0)
(101212196,0)
(101212198,0)
(101212199,0)
(101212200,0)
(101212204,0)
(101212210,0)
(101212214,0)
(101212215,0)
(101212218,0)
(101212221,0)
(101212222,0)
(101212223,0)
(101212225,0)
(101212233,0)
(101212234,0)
(101212236,0)
(101212239,0)
(101212243,0)
(101212244,0)
(101212247,0)
(101212248,0)
(101212249,0)
(101212257,0)
(101212258,0)
(101212259,0)
(101212262,0)
(101212263,0)
(101212264,0)
(101212267,0)
(101212270,0)
(101212273,0)
(101212279,0)
(101212282,0)
(101212285,0)
(101212287,0)
(101212292,0)
(101212296,0)
(101212301,0)
(101212302,0)
(101212306,0)
(101212320,0)
(101212324,0)
(101212326,0)
(101212329,0)
(101212330,0)
(101212331,0)
(101212332,0)
(101212333,0)
(101212335,0)
(101212336,0)
(101212338,0)
(101212339,0)
(101212340,0)
(101212342,0)
(101212343,0)
(101212344,0)
(101212347,0)
(101212348,0)
(101212349,0)
(101212350,0)
(101212351,0)
(101212353,0)
(101212355,0)
(101212357,0)
(101212358,0)
(101212361,0)
(101212363,0)
(101212366,0)
(101212368,0)
(101212370,0)
(101212372,0)
(101212374,0)
(101212378,0)
(101212400,0)
(101212401,0)
(101212403,0)
(101212405,0)
(101212406,0)
(101212407,0)
(101212408,0)
(101212409,0)
(101212410,0)
(101212411,0)
(101212412,0)
(101212413,0)
(101212414,0)
(101212416,0)
(101212417,0)
(101212418,0)
(101212419,0)
(101212421,0)
(101212422,0)
(101212423,0)
(101212426,0)
(101212427,0)
(101212428,0)
(101212430,0)
(101212432,0)
(101212433,0)
(101212437,0)
(101212440,0)
(101212446,0)
(101212448,0)
(101212449,0)
(101212458,0)
(101212461,0)
(101212465,0)
(101212471,0)
(101212475,0)
(101212476,0)
(101212479,0)
(101212480,0)
(101212483,0)
(101212485,0)
(101212489,0)
(101212490,0)
(101212493,0)
(101212495,0)
(101212496,0)
(101212497,0)
(101212498,0)
(101212499,0)
(101212500,0)
(101212501,0)
(101212502,0)
(101212504,0)
(101212505,0)
(101212506,0)
(101212507,0)
(101212508,0)
(101212509,0)
(101212510,0)
(101212511,0)
(101212515,0)
(101212516,0)
(101212518,0)
(101212520,0)
(101212521,0)
(101212524,0)
(101212527,0)
(101212528,0)
(101212530,0)
(101212533,0)
(101212534,0)
(101212535,0)
(101212539,0)
(101212544,0)
(101212547,0)
(101212559,0)
(101212561,0)
(101212563,0)
(101212567,0)
(101212571,0)
(101212575,0)
(101212579,0)
(101212581,0)
(101212583,0)
(101212584,0)
(101212587,0)
(101212588,0)
(101212590,0)
(101212597,0)
(101212602,0)
(101212603,0)
(101212607,0)
(101212609,0)
(101212610,0)
(101212611,0)
(101212612,0)
(101212621,0)
(101212627,0)
(101212630,0)
(101212632,0)
(101212634,0)
(101212635,0)
(101212638,0)
(101212639,0)
(101212640,0)
(101212641,0)
(101212642,0)
(101212643,0)
(101212644,0)
(101212645,0)
(101212646,0)
(101212647,0)
(101212649,0)
(101212650,0)
(101212651,0)
(101212653,0)
(101212654,0)
(101212655,0)
(101212658,0)
(101212660,0)
(101212661,0)
(101212663,0)
(101212668,0)
(101212672,0)
(101212676,0)
(101212678,0)
(101212682,0)
(101212684,0)
(101212685,0)
(101212696,0)
(101212697,0)
(101212698,0)
(101212699,0)
(101212700,0)
(101212701,0)
(101212702,0)
(101212703,0)
(101212714,0)
(101212717,0)
(101212725,0)
(101212727,0)
(101212729,0)
(101212733,0)
(101212735,0)
(101212737,0)
(101212741,0)
(101212747,0)
(101212750,0)
(101212754,0)
(101212755,0)
(101212763,0)
(101212766,0)
(101212768,0)
(101212769,0)
(101212770,0)
(101212771,0)
(101212773,0)
(101212774,0)
(101212775,0)
(101212776,0)
(101212777,0)
(101212778,0)
(101212779,0)
(101212788,0)
(101212789,0)
(101212790,0)
(101212791,0)
(101212792,0)
(101212794,0)
(101212796,0)
(101212798,0)
(101212799,0)
(101212800,0)
(101212802,0)
(101212804,0)
(101212805,0)
(101212806,0)
(101212807,0)
(101212808,0)
(101212810,0)
(101212811,0)
(101212813,0)
(101212814,0)
(101212816,0)
(101212817,0)
(101212818,0)
(101212819,0)
(101212820,0)
(101212821,0)
(101212825,0)
(101212831,0)
(101212832,0)
(101212841,0)
(101212843,0)
(101212844,0)
(101212861,0)
(101212863,0)
(101212864,0)
(101212868,0)
(101212869,0)
(101212870,0)
(101212874,0)
(101212882,0)
(101212883,0)
(101212884,0)
(101212891,0)
(101212893,0)
(101212894,0)
(101212897,0)
(101212899,0)
(101212900,0)
(101212902,0)
(101212904,0)
(101212905,0)
(101212907,0)
(101212912,0)
(101212913,0)
(101212914,0)
(101212915,0)
(101212918,0)
(101212921,0)
(101212922,0)
(101212923,0)
(101212932,0)
(101212933,0)
(101212939,0)
(101212940,0)
(101212944,0)
(101212946,0)
(101212955,0)
(101212958,0)
(101212962,0)
(101212964,0)
(101212966,0)
(101212967,0)
(101212974,0)
(101212976,0)
(101212991,0)
(101212992,0)
(101213012,0)
(101213019,0)
(101213020,0)
(101213023,0)
(101213024,0)
(101213027,0)
(101213030,0)
(101213036,0)
(101213045,0)
(101213046,0)
(101213047,0)
(101213054,0)
(101213055,0)
(101213056,0)
(101213060,0)
(101213061,0)
(101213062,0)
(101213063,0)
(101213064,0)
(101213066,0)
(101213067,0)
(101213068,0)
(101213069,0)
(101213070,0)
(101213074,0)
(101213075,0)
(101213076,0)
(101213078,0)
(101213079,0)
(101213080,0)
(101213082,0)
(101213083,0)
(101213086,0)
(101213087,0)
(101213088,0)
(101213089,0)
(101213090,0)
(101213091,0)
(101213092,0)
(101213093,0)
(101213094,0)
(101213095,0)
(101213096,0)
(101213097,0)
(101213103,0)
(101213104,0)
(101213108,0)
(101213109,0)
(101213116,0)
(101213119,0)
(101213120,0)
(101213121,0)
(101213122,0)
(101213126,0)
(101213127,0)
(101213128,0)
(101213129,0)
(101213132,0)
(101213133,0)
(101213134,0)
(101213135,0)
(101213136,0)
(101213137,0)
(101213139,0)
(101213142,0)
(101213143,0)
(101213144,0)
(101213150,0)
(101213151,0)
(101213152,0)
(101213153,0)
(101213154,0)
(101213155,0)
(101213156,0)
(101213164,0)
(101213167,0)
(101213168,0)
(101213169,0)
(101213171,0)
(101213173,0)
(101213174,0)
(101213175,0)
(101213179,0)
(101213184,0)
(101213186,0)
(101213187,0)
(101213188,0)
(101213189,0)
(101213191,0)
(101213192,0)
(101213193,0)
(101213196,0)
(101213197,0)
(101213198,0)
(101213201,0)
(101213203,0)
(101213204,0)
(101213205,0)
(101213206,0)
(101213208,0)
(101213212,0)
(101213214,0)
(101213215,0)
(101213216,0)
(101213217,0)
(101213219,0)
(101213221,0)
(101213222,0)
(101213223,0)
(101213224,0)
(101213225,0)
(101213228,0)
(101213231,0)
(101213232,0)
(101213233,0)
(101213242,0)
(101213243,0)
(101213244,0)
(101213245,0)
(101213246,0)
(101213247,0)
(101213249,0)
(101213251,0)
(101213253,0)
(101213258,0)
(101213260,0)
(101213261,0)
(101213269,0)
(101213270,0)
(101213271,0)
(101213274,0)
(101213275,0)
(101213276,0)
(101213280,0)
(101213283,0)
(101213286,0)
(101213288,0)
(101213291,0)
(101213293,0)
(101213297,0)
(101213301,0)
(101213304,0)
(101213307,0)
(101213308,0)
(101213309,0)
(101213314,0)
(101213318,0)
(101213321,0)
(101213322,0)
(101213324,0)
(101213326,0)
(101213327,0)
(101213333,0)
(101213336,0)
(101213343,0)
(101213344,0)
(101213346,0)
(101213347,0)
(101213351,0)
(101213352,0)
(101213353,0)
(101213354,0)
(101213355,0)
(101213357,0)
(101213359,0)
(101213360,0)
(101213361,0)
(101213371,0)
(101213372,0)
(101213373,0)
(101213374,0)
(101213376,0)
(101213377,0)
(101213379,0)
(101213380,0)
(101213381,0)
(101213382,0)
(101213385,0)
(101213386,0)
(101213387,0)
(101213390,0)
(101213391,0)
(101213393,0)
(101213394,0)
(101213395,0)
(101213396,0)
(101213397,0)
(101213398,0)
(101213399,0)
(101213400,0)
(101213401,0)
(101213402,0)
(101213403,0)
(101213404,0)
(101213405,0)
(101213406,0)
(101213407,0)
(101213418,0)
(101213419,0)
(101213420,0)
(101213424,0)
(101213427,0)
(101213431,0)
(101213435,0)
(101213436,0)
(101213438,0)
(101213439,0)
(101213440,0)
(101213441,0)
(101213442,0)
(101213444,0)
(101213447,0)
(101213448,0)
(101213450,0)
(101213453,0)
(101213456,0)
(101213457,0)
(101213460,0)
(101213466,0)
(101213471,0)
(101213472,0)
(101213478,0)
(101213479,0)
(101213481,0)
(101213484,0)
(101213485,0)
(101213486,0)
(101213487,0)
(101213491,0)
(101213492,0)
(101213493,0)
(101213494,0)
(101213495,0)
(101213496,0)
(101213497,0)
(101213498,0)
(101213501,0)
(101213503,0)
(101213507,0)
(101213518,0)
(101213523,0)
(101213524,0)
(101213525,0)
(101213530,0)
(101213542,0)
(101213546,0)
(101213554,0)
(101213555,0)
(101213557,0)
(101213558,0)
(101213559,0)
(101213560,0)
(101213562,0)
(101213563,0)
(101213565,0)
(101213578,0)
(101213584,0)
(101213586,0)
(101213587,0)
(101213588,0)
(101213589,0)
(101213596,0)
(101213600,0)
(101213611,0)
(101213614,0)
(101213618,0)
(101213622,0)
(101213628,0)
(101213629,0)
(101213630,0)
(101213631,0)
(101213632,0)
(101213633,0)
(101213634,0)
(101213640,0)
(101213643,0)
(101213644,0)
(101213646,0)
(101213647,0)
(101213652,0)
(101213659,0)
(101213660,0)
(101213665,0)
(101213669,0)
(101213671,0)
(101213681,0)
(101213682,0)
(101213684,0)
(101213686,0)
(101213687,0)
(101213688,0)
(101213689,0)
(101213692,0)
(101213694,0)
(101213696,0)
(101213697,0)
(101213698,0)
(101213699,0)
(101213700,0)
(101213703,0)
(101213704,0)
(101213705,0)
(101213707,0)
(101213708,0)
(101213709,0)
(101213710,0)
(101213711,0)
(101213712,0)
(101213713,0)
(101213714,0)
(101213715,0)
(101213716,0)
(101213723,0)
(101213724,0)
(101213726,0)
(101213727,0)
(101213728,0)
(101213735,0)
(101213736,0)
(101213739,0)
(101213740,0)
(101213741,0)
(101213743,0)
(101213747,0)
(101213750,0)
(101213752,0)
(101213759,0)
(101213760,0)
(101213763,0)
(101213765,0)
(101213766,0)
(101213767,0)
(101213768,0)
(101213769,0)
(101213771,0)
(101213772,0)
(101213773,0)
(101213774,0)
(101213780,0)
(101213781,0)
(101213783,0)
(101213785,0)
(101213786,0)
(101213787,0)
(101213793,0)
(101213795,0)
(101213796,0)
(101213797,0)
(101213801,0)
(101213802,0)
(101213811,0)
(101213812,0)
(101213826,0)
(101213827,0)
(101213828,0)
(101213830,0)
(101213831,0)
(101213832,0)
(101213834,0)
(101213835,0)
(101213838,0)
(101213839,0)
(101213841,0)
(101213845,0)
(101213846,0)
(101213847,0)
(101213848,0)
(101213849,0)
(101213850,0)
(101213851,0)
(101213852,0)
(101213853,0)
(101213854,0)
(101213855,0)
(101213856,0)
(101213858,0)
(101213859,0)
(101213860,0)
(101213861,0)
(101213863,0)
(101213864,0)
(101213865,0)
(101213867,0)
(101213871,0)
(101213872,0)
(101213874,0)
(101213877,0)
(101213878,0)
(101213879,0)
(101213883,0)
(101213884,0)
(101213890,0)
(101213891,0)
(101213892,0)
(101213893,0)
(101213894,0)
(101213895,0)
(101213896,0)
(101213897,0)
(101213899,0)
(101213905,0)
(101213906,0)
(101213912,0)
(101213913,0)
(101213914,0)
(101213916,0)
(101213918,0)
(101213919,0)
(101213923,0)
(101213924,0)
(101213927,0)
(101213928,0)
(101213929,0)
(101213930,0)
(101213931,0)
(101213932,0)
(101213935,0)
(101213939,0)
(101213942,0)
(101213943,0)
(101213944,0)
(101213948,0)
(101213950,0)
(101213951,0)
(101213952,0)
(101213954,0)
(101213955,0)
(101213957,0)
(101213958,0)
(101213959,0)
(101213960,0)
(101213962,0)
(101213963,0)
(101213964,0)
(101213965,0)
(101213966,0)
(101213968,0)
(101213969,0)
(101213973,0)
(101213976,0)
(101213977,0)
(101213978,0)
(101213979,0)
(101213981,0)
(101213986,0)
(101213988,0)
(101213989,0)
(101213991,0)
(101213992,0)
(101213993,0)
(101213994,0)
(101213995,0)
(101213996,0)
(101213997,0)
(101213999,0)
(101214000,0)
(101214001,0)
(101214003,0)
(101214004,0)
(101214009,0)
(101214011,0)
(101214012,0)
(101214013,0)
(101214014,0)
(101214017,0)
(101214019,0)
(101214020,0)
(101214021,0)
(101214022,0)
(101214023,0)
(101214024,0)
(101214025,0)
(101214027,0)
(101214028,0)
(101214029,0)
(101214030,0)
(101214031,0)
(101214032,0)
(101214033,0)
(101214034,0)
(101214035,0)
(101214036,0)
(101214037,0)
(101214038,0)
(101214039,0)
(101214040,0)
(101214041,0)
(101214042,0)
(101214043,0)
(101214044,0)
(101214045,0)
(101214046,0)
(101214047,0)
(101214048,0)
(101214049,0)
(101214050,0)
(101214051,0)
(101214052,0)
(101214053,0)
(101214055,0)
(101214059,0)
(101214062,0)
(101214064,0)
(101214070,0)
(101214071,0)
(101214072,0)
(101214076,0)
(101214077,0)
(101214078,0)
(101214080,0)
(101214081,0)
(101214085,0)
(101214087,0)
(101214093,0)
(101214094,0)
(101214095,0)
(101214096,0)
(101214104,0)
(101214105,0)
(101214106,0)
(101214107,0)
(101214109,0)
(101214111,0)
(101214114,0)
(101214117,0)
(101214119,0)
(101214121,0)
(101214124,0)
(101214125,0)
(101214126,0)
(101214127,0)
(101214129,0)
(101214131,0)
(101214134,0)
(101214136,0)
(101214142,0)
(101214144,0)
(101214145,0)
(101214146,0)
(101214149,0)
(101214150,0)
(101214151,0)
(101214152,0)
(101214153,0)
(101214154,0)
(101214155,0)
(101214157,0)
(101214158,0)
(101214159,0)
(101214160,0)
(101214162,0)
(101214163,0)
(101214164,0)
(101214165,0)
(101214166,0)
(101214167,0)
(101214168,0)
(101214170,0)
(101214171,0)
(101214172,0)
(101214173,0)
(101214174,0)
(101214176,0)
(101214178,0)
(101214181,0)
(101214182,0)
(101214184,0)
(101214186,0)
(101214187,0)
(101214188,0)
(101214189,0)
(101214191,0)
(101214192,0)
(101214193,0)
(101214194,0)
(101214195,0)
(101214196,0)
(101214197,0)
(101214198,0)
(101214199,0)
(101214200,0)
(101214201,0)
(101214202,0)
(101214203,0)
(101214204,0)
(101214207,0)
(101214209,0)
(101214210,0)
(101214212,0)
(101214213,0)
(101214214,0)
(101214215,0)
(101214216,0)
(101214217,0)
(101214218,0)
(101214221,0)
(101214222,0)
(101214223,0)
(101214224,0)
(101214225,0)
(101214226,0)
(101214228,0)
(101214229,0)
(101214231,0)
(101214233,0)
(101214234,0)
(101214235,0)
(101214236,0)
(101214237,0)
(101214238,0)
(101214240,0)
(101214241,0)
(101214242,0)
(101214248,0)
(101214249,0)
(101214250,0)
(101214252,0)
(101214253,0)
(101214254,0)
(101214255,0)
(101214256,0)
(101214257,0)
(101214262,0)
(101214264,0)
(101214268,0)
(101214276,0)
(101214277,0)
(101214278,0)
(101214284,0)
(101214285,0)
(101214286,0)
(101214288,0)
(101214289,0)
(101214291,0)
(101214296,0)
(101214301,0)
(101214302,0)
(101214304,0)
(101214305,0)
(101214309,0)
(101214310,0)
(101214311,0)
(101214314,0)
(101214317,0)
(101214322,0)
(101214323,0)
(101214326,0)
(101214327,0)
(101214328,0)
(101214334,0)
(101214335,0)
(101214338,0)
(101214346,0)
(101214351,0)
(101214353,0)
(101214354,0)
(101214356,0)
(101214358,0)
(101214359,0)
(101214360,0)
(101214362,0)
(101214363,0)
(101214364,0)
(101214365,0)
(101214366,0)
(101214367,0)
(101214369,0)
(101214370,0)
(101214371,0)
(101214373,0)
(101214376,0)
(101214379,0)
(101214380,0)
(101214382,0)
(101214383,0)
(101214384,0)
(101214386,0)
(101214388,0)
(101214389,0)
(101214390,0)
(101214392,0)
(101214393,0)
(101214394,0)
(101214395,0)
(101214397,0)
(101214398,0)
(101214399,0)
(101214402,0)
(101214404,0)
(101214405,0)
(101214408,0)
(101214409,0)
(101214410,0)
(101214412,0)
(101214414,0)
(101214415,0)
(101214418,0)
(101214419,0)
(101214420,0)
(101214423,0)
(101214424,0)
(101214428,0)
(101214429,0)
(101214430,0)
(101214431,0)
(101214432,0)
(101214433,0)
(101214434,0)
(101214436,0)
(101214437,0)
(101214438,0)
(101214439,0)
(101214440,0)
(101214441,0)
(101214442,0)
(101214443,0)
(101214444,0)
(101214445,0)
(101214446,0)
(101214455,0)
(101214456,0)
(101214457,0)
(101214458,0)
(101214459,0)
(101214460,0)
(101214462,0)
(101214463,0)
(101214465,0)
(101214466,0)
(101214470,0)
(101214471,0)
(101214472,0)
(101214473,0)
(101214475,0)
(101214476,0)
(101214478,0)
(101214479,0)
(101214481,0)
(101214482,0)
(101214485,0)
(101214490,0)
(101214492,0)
(101214493,0)
(101214496,0)
(101214497,0)
(101214498,0)
(101214502,0)
(101214504,0)
(101214505,0)
(101214506,0)
(101214507,0)
(101214508,0)
(101214509,0)
(101214511,0)
(101214518,0)
(101214519,0)
(101214520,0)
(101214521,0)
(101214522,0)
(101214525,0)
(101214526,0)
(101214529,0)
(101214531,0)
(101214534,0)
(101214535,0)
(101214536,0)
(101214538,0)
(101214540,0)
(101214542,0)
(101214544,0)
(101214546,0)
(101214547,0)
(101214548,0)
(101214549,0)
(101214550,0)
(101214551,0)
(101214552,0)
(101214555,0)
(101214560,0)
(101214561,0)
(101214562,0)
(101214563,0)
(101214564,0)
(101214565,0)
(101214566,0)
(101214567,0)
(101214568,0)
(101214570,0)
(101214571,0)
(101214573,0)
(101214576,0)
(101214580,0)
(101214582,0)
(101214586,0)
(101214587,0)
(101214588,0)
(101214589,0)
(101214590,0)
(101214591,0)
(101214593,0)
(101214594,0)
(101214595,0)
(101214597,0)
(101214599,0)
(101214600,0)
(101214603,0)
(101214604,0)
(101214605,0)
(101214606,0)
(101214607,0)
(101214609,0)
(101214611,0)
(101214612,0)
(101214613,0)
(101214616,0)
(101214617,0)
(101214618,0)
(101214620,0)
(101214622,0)
(101214624,0)
(101214625,0)
(101214627,0)
(101214628,0)
(101214634,0)
(101214637,0)
(101214638,0)
(101214639,0)
(101214640,0)
(101214641,0)
(101214642,0)
(101214643,0)
(101214644,0)
(101214645,0)
(101214646,0)
(101214647,0)
(101214648,0)
(101214649,0)
(101214650,0)
(101214651,0)
(101214652,0)
(101214654,0)
(101214655,0)
(101214656,0)
(101214657,0)
(101214658,0)
(101214660,0)
(101214661,0)
(101214662,0)
(101214665,0)
(101214668,0)
(101214669,0)
(101214670,0)
(101214671,0)
(101214672,0)
(101214673,0)
(101214674,0)
(101214675,0)
(101214676,0)
(101214678,0)
(101214680,0)
(101214681,0)
(101214683,0)
(101214686,0)
(101214687,0)
(101214689,0)
(101214690,0)
(101214693,0)
(101214694,0)
(101214699,0)
(101214700,0)
(101214702,0)
(101214703,0)
(101214708,0)
(101214709,0)
(101214710,0)
(101214711,0)
(101214712,0)
(101214713,0)
(101214714,0)
(101214715,0)
(101214716,0)
(101214717,0)
(101214718,0)
(101214719,0)
(101214720,0)
(101214721,0)
(101214722,0)
(101214723,0)
(101214724,0)
(101214725,0)
(101214726,0)
(101214727,0)
(101214728,0)
(101214729,0)
(101214730,0)
(101214731,0)
(101214732,0)
(101214733,0)
(101214734,0)
(101214735,0)
(101214736,0)
(101214737,0)
(101214738,0)
(101214739,0)
(101214742,0)
(101214743,0)
(101214744,0)
(101214745,0)
(101214746,0)
(101214747,0)
(101214748,0)
(101214749,0)
(101214750,0)
(101214757,0)
(101214760,0)
(101214769,0)
(101214772,0)
(101214774,0)
(101214775,0)
(101214776,0)
(101214778,0)
(101214782,0)
(101214783,0)
(101214784,0)
(101214788,0)
(101214789,0)
(101214791,0)
(101214794,0)
(101214795,0)
(101214796,0)
(101214797,0)
(101214799,0)
(101214806,0)
(101214808,0)
(101214810,0)
(101214812,0)
(101214814,0)
(101214815,0)
(101214816,0)
(101214821,0)
(101214823,0)
(101214824,0)
(101214826,0)
(101214828,0)
(101214829,0)
(101214831,0)
(101214832,0)
(101214836,0)
(101214839,0)
(101214842,0)
(101214843,0)
(101214845,0)
(101214851,0)
(101214853,0)
(101214854,0)
(101214855,0)
(101214856,0)
(101214858,0)
(101214859,0)
(101214860,0)
(101214861,0)
(101214862,0)
(101214864,0)
(101214865,0)
(101214866,0)
(101214867,0)
(101214868,0)
(101214869,0)
(101214870,0)
(101214871,0)
(101214872,0)
(101214873,0)
(101214874,0)
(101214875,0)
(101214876,0)
(101214877,0)
(101214879,0)
(101214880,0)
(101214881,0)
(101214882,0)
(101214885,0)
(101214886,0)
(101214887,0)
(101214888,0)
(101214889,0)
(101214890,0)
(101214891,0)
(101214892,0)
(101214895,0)
(101214898,0)
(101214899,0)
(101214900,0)
(101214902,0)
(101214903,0)
(101214905,0)
(101214906,0)
(101214909,0)
(101214910,0)
(101214911,0)
(101214913,0)
(101214914,0)
(101214915,0)
(101214917,0)
(101214921,0)
(101214922,0)
(101214924,0)
(101214926,0)
(101214927,0)
(101214928,0)
(101214929,0)
(101214931,0)
(101214933,0)
(101214934,0)
(101214935,0)
(101214936,0)
(101214938,0)
(101214939,0)
(101214940,0)
(101214942,0)
(101214943,0)
(101214944,0)
(101214945,0)
(101214946,0)
(101214947,0)
(101214948,0)
(101214949,0)
(101214953,0)
(101214954,0)
(101214956,0)
(101214957,0)
(101214958,0)
(101214959,0)
(101214960,0)
(101214964,0)
(101214966,0)
(101214968,0)
(101214969,0)
(101214970,0)
(101214976,0)
(101214978,0)
(101214980,0)
(101214981,0)
(101214982,0)
(101214983,0)
(101214984,0)
(101214985,0)
(101214986,0)
(101214988,0)
(101214989,0)
(101214991,0)
(101214996,0)
(101214998,0)
(101215000,0)
(101215002,0)
(101215003,0)
(101215006,0)
(101215007,0)
(101215012,0)
(101215014,0)
(101215016,0)
(101215017,0)
(101215018,0)
(101215019,0)
(101215020,0)
(101215021,0)
(101215023,0)
(101215024,0)
(101215025,0)
(101215026,0)
(101215027,0)
(101215028,0)
(101215029,0)
(101215030,0)
(101215031,0)
(101215032,0)
(101215033,0)
(101215035,0)
(101215039,0)
(101215040,0)
(101215041,0)
(101215042,0)
(101215044,0)
(101215046,0)
(101215047,0)
(101215048,0)
(101215049,0)
(101215050,0)
(101215052,0)
(101215053,0)
(101215055,0)
(101215056,0)
(101215057,0)
(101215058,0)
(101215059,0)
(101215060,0)
(101215061,0)
(101215062,0)
(101215063,0)
(101215064,0)
(101215065,0)
(101215066,0)
(101215067,0)
(101215068,0)
(101215069,0)
(101215070,0)
(101215071,0)
(101215072,0)
(101215073,0)
(101215074,0)
(101215075,0)
(101215076,0)
(101215078,0)
(101215079,0)
(101215080,0)
(101215081,0)
(101215082,0)
(101215083,0)
(101215084,0)
(101215085,0)
(101215086,0)
(101215087,0)
(101215088,0)
(101215089,0)
(101215090,0)
(101215091,0)
(101215092,0)
(101215093,0)
(101215094,0)
(101215095,0)
(101215096,0)
(101215097,0)
(101215098,0)
(101215099,0)
(101215100,0)
(101215101,0)
(101215102,0)
(101215103,0)
(101215105,0)
(101215106,0)
(101215110,0)
(101215112,0)
(101215113,0)
(101215114,0)
(101215115,0)
(101215118,0)
(101215120,0)
(101215121,0)
(101215122,0)
(101215123,0)
(101215124,0)
(101215125,0)
(101215127,0)
(101215128,0)
(101215129,0)
(101215130,0)
(101215136,0)
(101215138,0)
(101215139,0)
(101215140,0)
(101215141,0)
(101215143,0)
(101215144,0)
(101215145,0)
(101215150,0)
(101215151,0)
(101215152,0)
(101215153,0)
(101215154,0)
(101215160,0)
(101215161,0)
(101215162,0)
(101215163,0)
(101215164,0)
(101215165,0)
(101215166,0)
(101215169,0)
(101215170,0)
(101215171,0)
(101215172,0)
(101215173,0)
(101215174,0)
(101215175,0)
(101215176,0)
(101215177,0)
(101215178,0)
(101215179,0)
(101215180,0)
(101215181,0)
(101215182,0)
(101215183,0)
(101215184,0)
(101215185,0)
(101215186,0)
(101215187,0)
(101215188,0)
(101215189,0)
(101215191,0)
(101215192,0)
(101215193,0)
(101215194,0)
(101215195,0)
(101215196,0)
(101215197,0)
(101215198,0)
(101215199,0)
(101215200,0)
(101215203,0)
(101215205,0)
(101215208,0)
(101215212,0)
(101215213,0)
(101215214,0)
(101215216,0)
(101215217,0)
(101215218,0)
(101215219,0)
(101215221,0)
(101215222,0)
(101215224,0)
(101215225,0)
(101215226,0)
(101215227,0)
(101215228,0)
(101215230,0)
(101215231,0)
(101215234,0)
(101215236,0)
(101215239,0)
(101215242,0)
(101215243,0)
(101215245,0)
(101215248,0)
(101215251,0)
(101215252,0)
(101215253,0)
(101215254,0)
(101215257,0)
(101215259,0)
(101215260,0)
(101215261,0)
(101215262,0)
(101215263,0)
(101215264,0)
(101215265,0)
(101215266,0)
(101215274,0)
(101215276,0)
(101215277,0)
(101215278,0)
(101215280,0)
(101215281,0)
(101215282,0)
(101215283,0)
(101215284,0)
(101215285,0)
(101215287,0)
(101215288,0)
(101215290,0)
(101215291,0)
(101215292,0)
(101215294,0)
(101215295,0)
(101215296,0)
(101215297,0)
(101215298,0)
(101215299,0)
(101215301,0)
(101215303,0)
(101215305,0)
(101215307,0)
(101215309,0)
(101215313,0)
(101215315,0)
(101215320,0)
(101215321,0)
(101215322,0)
(101215324,0)
(101215325,0)
(101215329,0)
(101215332,0)
(101215333,0)
(101215334,0)
(101215336,0)
(101215339,0)
(101215340,0)
(101215341,0)
(101215342,0)
(101215344,0)
(101215346,0)
(101215347,0)
(101215348,0)
(101215349,0)
(101215351,0)
(101215352,0)
(101215355,0)
(101215356,0)
(101215357,0)
(101215358,0)
(101215359,0)
(101215360,0)
(101215362,0)
(101215363,0)
(101215364,0)
(101215368,0)
(101215369,0)
(101215373,0)
(101215376,0)
(101215377,0)
(101215378,0)
(101215379,0)
(101215381,0)
(101215382,0)
(101215383,0)
(101215384,0)
(101215385,0)
(101215386,0)
(101215387,0)
(101215388,0)
(101215389,0)
(101215390,0)
(101215391,0)
(101215392,0)
(101215393,0)
(101215394,0)
(101215395,0)
(101215396,0)
(101215397,0)
(101215398,0)
(101215399,0)
(101215400,0)
(101215401,0)
(101215402,0)
(101215404,0)
(101215405,0)
(101215406,0)
(101215407,0)
(101215409,0)
(101215410,0)
(101215411,0)
(101215412,0)
(101215413,0)
(101215414,0)
(101215415,0)
(101215416,0)
(101215417,0)
(101215418,0)
(101215419,0)
(101215421,0)
(101215422,0)
(101215423,0)
(101215424,0)
(101215425,0)
(101215427,0)
(101215428,0)
(101215429,0)
(101215432,0)
(101215434,0)
(101215435,0)
(101215436,0)
(101215437,0)
(101215438,0)
(101215439,0)
(101215440,0)
(101215441,0)
(101215442,0)
(101215443,0)
(101215444,0)
(101215445,0)
(101215446,0)
(101215447,0)
(101215448,0)
(101215450,0)
(101215451,0)
(101215454,0)
(101215455,0)
(101215456,0)
(101215457,0)
(101215464,0)
(101215467,0)
(101215468,0)
(101215470,0)
(101215471,0)
(101215473,0)
(101215474,0)
(101215475,0)
(101215476,0)
(101215477,0)
(101215478,0)
(101215479,0)
(101215480,0)
(101215481,0)
(101215482,0)
(101215483,0)
(101215484,0)
(101215485,0)
(101215486,0)
(101215487,0)
(101215488,0)
(101215489,0)
(101215490,0)
(101215491,0)
(101215492,0)
(101215493,0)
(101215494,0)
(101215495,0)
(101215496,0)
(101215497,0)
(101215498,0)
(101215499,0)
(101215500,0)
(101215501,0)
(101215502,0)
(101215503,0)
(101215504,0)
(101215505,0)
(101215506,0)
(101215507,0)
(101215508,0)
(101215509,0)
(101215510,0)
(101215511,0)
(101215512,0)
(101215513,0)
(101215514,0)
(101215515,0)
(101215517,0)
(101215522,0)
(101215523,0)
(101215524,0)
(101215525,0)
(101215526,0)
(101215527,0)
(101215529,0)
(101215530,0)
(101215531,0)
(101215532,0)
(101215533,0)
(101215534,0)
(101215535,0)
(101215536,0)
(101215537,0)
(101215538,0)
(101215539,0)
(101215540,0)
(101215541,0)
(101215542,0)
(101215543,0)
(101215544,0)
(101215545,0)
(101215546,0)
(101215547,0)
(101215548,0)
(101215549,0)
(101215550,0)
(101215551,0)
(101215552,0)
(101215553,0)
(101215554,0)
(101215555,0)
(101215557,0)
(101215558,0)
(101215559,0)
(101215560,0)
(101215561,0)
(101215562,0)
(101215563,0)
(101215565,0)
(101215566,0)
(101215568,0)
(101215569,0)
(101215570,0)
(101215571,0)
(101215572,0)
(101215573,0)
(101215575,0)
(101215576,0)
(101215577,0)
(101215578,0)
(101215579,0)
(101215580,0)
(101215581,0)
(101215582,0)
(101215583,0)
(101215584,0)
(101215585,0)
(101215586,0)
(101215590,0)
(101215591,0)
(101215592,0)
(101215593,0)
(101215595,0)
(101215605,0)
(101215607,0)
(101215609,0)
(101215614,0)
(101215616,0)
(101215617,0)
(101215618,0)
(101215622,0)
(101215623,0)
(101215624,0)
(101215625,0)
(101215626,0)
(101215627,0)
(101215630,0)
(101215631,0)
(101215633,0)
(101215635,0)
(101215636,0)
(101215638,0)
(101215640,0)
(101215642,0)
(101215643,0)
(101215647,0)
(101215648,0)
(101215649,0)
(101215650,0)
(101215651,0)
(101215652,0)
(101215653,0)
(101215654,0)
(101215655,0)
(101215656,0)
(101215658,0)
(101215659,0)
(101215662,0)
(101215663,0)
(101215664,0)
(101215665,0)
(101215666,0)
(101215668,0)
(101215670,0)
(101215671,0)
(101215672,0)
(101215673,0)
(101215674,0)
(101215675,0)
(101215676,0)
(101215677,0)
(101215680,0)
(101215681,0)
(101215684,0)
(101215686,0)
(101215687,0)
(101215688,0)
(101215689,0)
(101215691,0)
(101215692,0)
(101215693,0)
(101215694,0)
(101215696,0)
(101215697,0)
(101215699,0)
(101215700,0)
(101215701,0)
(101215702,0)
(101215703,0)
(101215704,0)
(101215705,0)
(101215708,0)
(101215712,0)
(101215714,0)
(101215715,0)
(101215716,0)
(101215717,0)
(101215718,0)
(101215720,0)
(101215721,0)
(101215722,0)
(101215726,0)
(101215727,0)
(101215728,0)
(101215729,0)
(101215731,0)
(101215732,0)
(101215735,0)
(101215736,0)
(101215738,0)
(101215739,0)
(101215742,0)
(101215743,0)
(101215744,0)
(101215745,0)
(101215746,0)
(101215747,0)
(101215748,0)
(101215749,0)
(101215751,0)
(101215752,0)
(101215754,0)
(101215755,0)
(101215756,0)
(101215757,0)
(101215758,0)
(101215759,0)
(101215761,0)
(101215762,0)
(101215763,0)
(101215764,0)
(101215765,0)
(101215766,0)
(101215767,0)
(101215772,0)
(101215777,0)
(101215778,0)
(101215779,0)
(101215781,0)
(101215784,0)
(101215790,0)
(101215791,0)
(101215792,0)
(101215795,0)
(101215798,0)
(101215799,0)
(101215803,0)
(101215805,0)
(101215806,0)
(101215807,0)
(101215808,0)
(101215809,0)
(101215810,0)
(101215811,0)
(101215815,0)
(101215816,0)
(101215818,0)
(101215820,0)
(101215821,0)
(101215822,0)
(101215823,0)
(101215824,0)
(101215825,0)
(101215828,0)
(101215829,0)
(101215830,0)
(101215831,0)
(101215832,0)
(101215833,0)
(101215834,0)
(101215835,0)
(101215836,0)
(101215837,0)
(101215838,0)
(101215839,0)
(101215840,0)
(101215841,0)
(101215842,0)
(101215843,0)
(101215844,0)
(101215845,0)
(101215846,0)
(101215847,0)
(101215848,0)
(101215849,0)
(101215850,0)
(101215851,0)
(101215852,0)
(101215853,0)
(101215854,0)
(101215855,0)
(101215857,0)
(101215858,0)
(101215859,0)
(101215860,0)
(101215861,0)
(101215862,0)
(101215863,0)
(101215864,0)
(101215865,0)
(101215866,0)
(101215867,0)
(101215868,0)
(101215869,0)
(101215870,0)
(101215871,0)
(101215872,0)
(101215874,0)
(101215875,0)
(101215877,0)
(101215878,0)
(101215880,0)
(101215881,0)
(101215882,0)
(101215884,0)
(101215885,0)
(101215886,0)
(101215887,0)
(101215888,0)
(101215889,0)
(101215890,0)
(101215891,0)
(101215892,0)
(101215893,0)
(101215894,0)
(101215896,0)
(101215897,0)
(101215899,0)
(101215902,0)
(101215903,0)
(101215904,0)
(101215907,0)
(101215908,0)
(101215909,0)
(101215912,0)
(101215913,0)
(101215914,0)
(101215916,0)
(101215917,0)
(101215918,0)
(101215920,0)
(101215921,0)
(101215922,0)
(101215923,0)
(101215924,0)
(101215925,0)
(101215926,0)
(101215927,0)
(101215929,0)
(101215930,0)
(101215931,0)
(101215932,0)
(101215933,0)
(101215935,0)
(101215937,0)
(101215938,0)
(101215939,0)
(101215940,0)
(101215943,0)
(101215944,0)
(101215945,0)
(101215946,0)
(101215947,0)
(101215948,0)
(101215950,0)
(101215951,0)
(101215952,0)
(101215953,0)
(101215954,0)
(101215955,0)
(101215956,0)
(101215957,0)
(101215958,0)
(101215961,0)
(101215963,0)
(101215964,0)
(101215965,0)
(101215966,0)
(101215967,0)
(101215968,0)
(101215969,0)
(101215970,0)
(101215973,0)
(101215974,0)
(101215975,0)
(101215977,0)
(101215978,0)
(101215980,0)
(101215981,0)
(101215983,0)
(101215985,0)
(101215986,0)
(101215987,0)
(101215988,0)
(101215990,0)
(101215991,0)
(101215992,0)
(101215993,0)
(101215996,0)
(101215997,0)
(101215998,0)
(101215999,0)
(101216001,0)
(101216005,0)
(101216006,0)
(101216007,0)
(101216008,0)
(101216010,0)
(101216011,0)
(101216012,0)
(101216013,0)
(101216017,0)
(101216018,0)
(101216019,0)
(101216021,0)
(101216022,0)
(101216023,0)
(101216024,0)
(101216025,0)
(101216026,0)
(101216027,0)
(101216028,0)
(101216029,0)
(101216030,0)
(101216031,0)
(101216032,0)
(101216033,0)
(101216034,0)
(101216035,0)
(101216036,0)
(101216038,0)
(101216039,0)
(101216040,0)
(101216041,0)
(101216042,0)
(101216044,0)
(101216045,0)
(101216048,0)
(101216049,0)
(101216050,0)
(101216052,0)
(101216053,0)
(101216054,0)
(101216055,0)
(101216056,0)
(101216057,0)
(101216058,0)
(101216059,0)
(101216060,0)
(101216061,0)
(101216064,0)
(101216065,0)
(101216066,0)
(101216067,0)
(101216068,0)
(101216071,0)
(101216072,0)
(101216074,0)
(101216075,0)
(101216076,0)
(101216077,0)
(101216079,0)
(101216082,0)
(101216083,0)
(101216084,0)
(101216085,0)
(101216087,0)
(101216089,0)
(101216092,0)
(101216094,0)
(101216096,0)
(101216097,0)
(101216098,0)
(101216099,0)
(101216100,0)
(101216101,0)
(101216102,0)
(101216103,0)
(101216104,0)
(101216105,0)
(101216106,0)
(101216107,0)
(101216108,0)
(101216109,0)
(101216110,0)
(101216111,0)
(101216112,0)
(101216113,0)
(101216114,0)
(101216115,0)
(101216117,0)
(101216118,0)
(101216119,0)
(101216120,0)
(101216121,0)
(101216122,0)
(101216123,0)
(101216124,0)
(101216125,0)
(101216126,0)
(101216127,0)
(101216128,0)
(101216130,0)
(101216131,0)
(101216132,0)
(101216133,0)
(101216134,0)
(101216135,0)
(101216136,0)
(101216137,0)
(101216138,0)
(101216139,0)
(101216140,0)
(101216141,0)
(101216142,0)
(101216143,0)
(101216145,0)
(101216146,0)
(101216147,0)
(101216148,0)
(101216149,0)
(101216151,0)
(101216152,0)
(101216153,0)
(101216154,0)
(101216155,0)
(101216156,0)
(101216157,0)
(101216158,0)
(101216159,0)
(101216160,0)
(101216161,0)
(101216162,0)
(101216163,0)
(101216164,0)
(101216165,0)
(101216166,0)
(101216167,0)
(101216168,0)
(101216169,0)
(101216170,0)
(101216171,0)
(101216173,0)
(101216175,0)
(101216176,0)
(101216178,0)
(101216179,0)
(101216180,0)
(101216182,0)
(101216183,0)
(101216184,0)
(101216188,0)
(101216190,0)
(101216193,0)
(101216197,0)
(101216201,0)
(101216202,0)
(101216204,0)
(101216205,0)
(101216206,0)
(101216207,0)
(101216208,0)
(101216209,0)
(101216210,0)
(101216211,0)
(101216212,0)
(101216213,0)
(101216214,0)
(101216215,0)
(101216216,0)
(101216217,0)
(101216218,0)
(101216219,0)
(101216220,0)
(101216221,0)
(101216222,0)
(101216223,0)
(101216224,0)
(101216225,0)
(101216226,0)
(101216227,0)
(101216229,0)
(101216230,0)
(101216232,0)
(101216233,0)
(101216235,0)
(101216236,0)
(101216237,0)
(101216238,0)
(101216239,0)
(101216240,0)
(101216241,0)
(101216242,0)
(101216243,0)
(101216244,0)
(101216245,0)
(101216246,0)
(101216247,0)
(101216248,0)
(101216249,0)
(101216250,0)
(101216251,0)
(101216252,0)
(101216253,0)
(101216254,0)
(101216255,0)
(101216257,0)
(101216258,0)
(101216259,0)
(101216260,0)
(101216261,0)
(101216262,0)
(101216263,0)
(101216264,0)
(101216265,0)
(101216266,0)
(101216267,0)
(101216270,0)
(101216272,0)
(101216274,0)
(101216275,0)
(101216276,0)
(101216277,0)
(101216280,0)
(101216282,0)
(101216284,0)
(101216287,0)
(101216289,0)
(101216290,0)
(101216291,0)
(101216292,0)
(101216293,0)
(101216294,0)
(101216295,0)
(101216296,0)
(101216297,0)
(101216298,0)
(101216299,0)
(101216300,0)
(101216302,0)
(101216303,0)
(101216304,0)
(101216305,0)
(101216306,0)
(101216307,0)
(101216308,0)
(101216309,0)
(101216310,0)
(101216311,0)
(101216312,0)
(101216313,0)
(101216314,0)
(101216317,0)
(101216319,0)
(101216320,0)
(101216321,0)
(101216322,0)
(101216323,0)
(101216324,0)
(101216325,0)
(101216326,0)
(101216327,0)
(101216329,0)
(101216330,0)
(101216331,0)
(101216332,0)
(101216333,0)
(101216334,0)
(101216336,0)
(101216337,0)
(101216338,0)
(101216339,0)
(101216340,0)
(101216341,0)
(101216343,0)
(101216344,0)
(101216345,0)
(101216346,0)
(101216347,0)
(101216348,0)
(101216349,0)
(101216351,0)
(101216352,0)
(101216354,0)
(101216355,0)
(101216356,0)
(101216357,0)
(101216359,0)
(101216361,0)
(101216362,0)
(101216363,0)
(101216364,0)
(101216366,0)
(101216367,0)
(101216368,0)
(101216369,0)
(101216370,0)
(101216371,0)
(101216374,0)
(101216375,0)
(101216376,0)
(101216377,0)
(101216378,0)
(101216379,0)
(101216380,0)
(101216381,0)
(101216382,0)
(101216383,0)
(101216384,0)
(101216385,0)
(101216386,0)
(101216387,0)
(101216388,0)
(101216389,0)
(101216391,0)
(101216392,0)
(101216395,0)
(101216397,0)
(101216398,0)
(101216399,0)
(101216400,0)
(101216401,0)
(101216403,0)
(101216404,0)
(101216405,0)
(101216406,0)
(101216407,0)
(101216408,0)
(101216409,0)
(101216410,0)
(101216411,0)
(101216412,0)
(101216414,0)
(101216415,0)
(101216416,0)
(101216417,0)
(101216419,0)
(101216420,0)
(101216421,0)
(101216422,0)
(101216423,0)
(101216425,0)
(101216426,0)
(101216427,0)
(101216428,0)
(101216429,0)
(101216430,0)
(101216431,0)
(101216432,0)
(101216433,0)
(101216434,0)
(101216435,0)
(101216436,0)
(101216437,0)
(101216438,0)
(101216439,0)
(101216440,0)
(101216441,0)
(101216442,0)
(101216443,0)
(101216444,0)
(101216445,0)
(101216446,0)
(101216447,0)
(101216448,0)
(101216449,0)
(101216450,0)
(101216451,0)
(101216452,0)
(101216453,0)
(101216454,0)
(101216455,0)
(101216457,0)
(101216460,0)
(101216461,0)
(101216462,0)
(101216463,0)
(101216464,0)
(101216466,0)
(101216467,0)
(101216468,0)
(101216469,0)
(101216470,0)
(101216471,0)
(101216472,0)
(101216473,0)
(101216474,0)
(101216476,0)
(101216478,0)
(101216479,0)
(101216480,0)
(101216486,0)
(101216487,0)
(101216489,0)
(101216490,0)
(101216491,0)
(101216492,0)
(101216493,0)
(101216494,0)
(101216495,0)
(101216496,0)
(101216497,0)
(101216498,0)
(101216499,0)
(101216500,0)
(101216501,0)
(101216503,0)
(101216504,0)
(101216505,0)
(101216506,0)
(101216507,0)
(101216509,0)
(101216510,0)
(101216511,0)
(101216512,0)
(101216513,0)
(101216514,0)
(101216515,0)
(101216516,0)
(101216517,0)
(101216518,0)
(101216519,0)
(101216520,0)
(101216521,0)
(101216522,0)
(101216523,0)
(101216524,0)
(101216525,0)
(101216526,0)
(101216527,0)
(101216528,0)
(101216529,0)
(101216530,0)
(101216531,0)
(101216532,0)
(101216533,0)
(101216534,0)
(101216535,0)
(101216536,0)
(101216537,0)
(101216538,0)
(101216539,0)
(101216541,0)
(101216542,0)
(101216543,0)
(101216544,0)
(101216545,0)
(101216546,0)
(101216547,0)
(101216548,0)
(101216549,0)
(101216550,0)
(101216551,0)
(101216552,0)
(101216553,0)
(101216555,0)
(101216559,0)
(101216561,0)
(101216563,0)
(101216564,0)
(101216566,0)
(101216567,0)
(101216569,0)
(101216570,0)
(101216571,0)
(101216572,0)
(101216573,0)
(101216574,0)
(101216575,0)
(101216576,0)
(101216577,0)
