(101216578,0)
(101216579,0)
(101216580,0)
(101216581,0)
(101216582,0)
(101216583,0)
(101216584,0)
(101216585,0)
(101216586,0)
(101216587,0)
(101216588,0)
(101216589,0)
(101216590,0)
(101216591,0)
(101216592,0)
(101216593,0)
(101216595,0)
(101216596,0)
(101216598,0)
(101216599,0)
(101216601,0)
(101216602,0)
(101216603,0)
(101216604,0)
(101216605,0)
(101216606,0)
(101216607,0)
(101216608,0)
(101216609,0)
(101216610,0)
(101216611,0)
(101216612,0)
(101216613,0)
(101216614,0)
(101216615,0)
(101216616,0)
(101216617,0)
(101216618,0)
(101216619,0)
(101216620,0)
(101216621,0)
(101216624,0)
(101216625,0)
(101216626,0)
(101216628,0)
(101216629,0)
(101216630,0)
(101216631,0)
(101216634,0)
(101216635,0)
(101216636,0)
(101216637,0)
(101216638,0)
(101216639,0)
(101216640,0)
(101216643,0)
(101216645,0)
(101216646,0)
(101216648,0)
(101216649,0)
(101216650,0)
(101216651,0)
(101216652,0)
(101216653,0)
(101216654,0)
(101216655,0)
(101216656,0)
(101216658,0)
(101216660,0)
(101216661,0)
(101216662,0)
(101216663,0)
(101216664,0)
(101216665,0)
(101216666,0)
(101216667,0)
(101216668,0)
(101216669,0)
(101216670,0)
(101216672,0)
(101216673,0)
(101216675,0)
(101216676,0)
(101216677,0)
(101216678,0)
(101216679,0)
(101216680,0)
(101216681,0)
(101216682,0)
(101216683,0)
(101216684,0)
(101216685,0)
(101216686,0)
(101216687,0)
(101216688,0)
(101216689,0)
(101216691,0)
(101216692,0)
(101216695,0)
(101216696,0)
(101216697,0)
(101216698,0)
(101216699,0)
(101216700,0)
(101216702,0)
(101216703,0)
(101216704,0)
(101216706,0)
(101216707,0)
(101216710,0)
(101216712,0)
(101216713,0)
(101216714,0)
(101216715,0)
(101216716,0)
(101216721,0)
(101216722,0)
(101216727,0)
(101216728,0)
(101216730,0)
(101216731,0)
(101216732,0)
(101216733,0)
(101216734,0)
(101216735,0)
(101216736,0)
(101216737,0)
(101216738,0)
(101216739,0)
(101216740,0)
(101216741,0)
(101216742,0)
(101216743,0)
(101216744,0)
(101216745,0)
(101216746,0)
(101216747,0)
(101216748,0)
(101216749,0)
(101216750,0)
(101216751,0)
(101216752,0)
(101216753,0)
(101216754,0)
(101216755,0)
(101216756,0)
(101216757,0)
(101216758,0)
(101216759,0)
(101216760,0)
(101216761,0)
(101216762,0)
(101216763,0)
(101216764,0)
(101216765,0)
(101216766,0)
(101216767,0)
(101216768,0)
(101216769,0)
(101216770,0)
(101216772,0)
(101216773,0)
(101216774,0)
(101216775,0)
(101216776,0)
(101216777,0)
(101216778,0)
(101216780,0)
(101216781,0)
(101216782,0)
(101216783,0)
(101216785,0)
(101216786,0)
(101216787,0)
(101216788,0)
(101216789,0)
(101216790,0)
(101216791,0)
(101216792,0)
(101216793,0)
(101216794,0)
(101216795,0)
(101216796,0)
(101216797,0)
(101216798,0)
(101216799,0)
(101216800,0)
(101216801,0)
(101216802,0)
(101216803,0)
(101216804,0)
(101216805,0)
(101216806,0)
(101216807,0)
(101216808,0)
(101216809,0)
(101216810,0)
(101216811,0)
(101216812,0)
(101216813,0)
(101216814,0)
(101216815,0)
(101216816,0)
(101216817,0)
(101216818,0)
(101216819,0)
(101216820,0)
(101216821,0)
(101216822,0)
(101216823,0)
(101216824,0)
(101216825,0)
(101216826,0)
(101216827,0)
(101216828,0)
(101216829,0)
(101216830,0)
(101216831,0)
(101216832,0)
(101216833,0)
(101216834,0)
(101216835,0)
(101216836,0)
(101216837,0)
(101216838,0)
(101216839,0)
(101216841,0)
(101216842,0)
(101216843,0)
(101216844,0)
(101216845,0)
(101216846,0)
(101216847,0)
(101216848,0)
(101216849,0)
(101216850,0)
(101216851,0)
(101216852,0)
(101216853,0)
(101216854,0)
(101216855,0)
(101216857,0)
(101216860,0)
(101216861,0)
(101216863,0)
(101216864,0)
(101216865,0)
(101216867,0)
(101216868,0)
(101216869,0)
(101216870,0)
(101216871,0)
(101216874,0)
(101216875,0)
(101216876,0)
(101216877,0)
(101216880,0)
(101216881,0)
(101216882,0)
(101216884,0)
(101216885,0)
(101216886,0)
(101216887,0)
(101216888,0)
(101216889,0)
(101216890,0)
(101216891,0)
(101216892,0)
(101216893,0)
(101216895,0)
(101216896,0)
(101216897,0)
(101216898,0)
(101216899,0)
(101216901,0)
(101216902,0)
(101216903,0)
(101216905,0)
(101216906,0)
(101216908,0)
(101216909,0)
(101216910,0)
(101216911,0)
(101216912,0)
(101216913,0)
(101216914,0)
(101216915,0)
(101216916,0)
(101216917,0)
(101216918,0)
(101216919,0)
(101216920,0)
(101216921,0)
(101216922,0)
(101216925,0)
(101216926,0)
(101216927,0)
(101216928,0)
(101216929,0)
(101216930,0)
(101216931,0)
(101216932,0)
(101216933,0)
(101216934,0)
(101216935,0)
(101216936,0)
(101216937,0)
(101216938,0)
(101216939,0)
(101216940,0)
(101216942,0)
(101216943,0)
(101216944,0)
(101216945,0)
(101216946,0)
(101216947,0)
(101216949,0)
(101216950,0)
(101216951,0)
(101216952,0)
(101216953,0)
(101216954,0)
(101216955,0)
(101216956,0)
(101216957,0)
(101216958,0)
(101216959,0)
(101216960,0)
(101216961,0)
(101216962,0)
(101216963,0)
(101216966,0)
(101216967,0)
(101216968,0)
(101216969,0)
(101216970,0)
(101216971,0)
(101216972,0)
(101216973,0)
(101216974,0)
(101216975,0)
(101216976,0)
(101216977,0)
(101216978,0)
(101216979,0)
(101216980,0)
(101216981,0)
(101216982,0)
(101216983,0)
(101216984,0)
(101216985,0)
(101216986,0)
(101216987,0)
(101216988,0)
(101216989,0)
(101216990,0)
(101216991,0)
(101216993,0)
(101216994,0)
(101216995,0)
(101216996,0)
(101216997,0)
(101216998,0)
(101216999,0)
(101217000,0)
(101217001,0)
(101217002,0)
(101217003,0)
(101217004,0)
(101217005,0)
(101217006,0)
(101217007,0)
(101217008,0)
(101217009,0)
(101217010,0)
(101217011,0)
(101217012,0)
(101217013,0)
(101217014,0)
(101217015,0)
(101217016,0)
(101217017,0)
(101217018,0)
(101217019,0)
(101217020,0)
(101217021,0)
(101217022,0)
(101217023,0)
(101217024,0)
(101217025,0)
(101217026,0)
(101217027,0)
(101217028,0)
(101217030,0)
(101217031,0)
(101217032,0)
(101217033,0)
(101217034,0)
(101217035,0)
(101217036,0)
(101217037,0)
(101217038,0)
(101217039,0)
(101217040,0)
(101217042,0)
(101217043,0)
(101217044,0)
(101217045,0)
(101217046,0)
(101217047,0)
(101217048,0)
(101217049,0)
(101217050,0)
(101217051,0)
(101217052,0)
(101217053,0)
(101217054,0)
(101217055,0)
(101217056,0)
(101217057,0)
(101217059,0)
(101217060,0)
(101217061,0)
(101217062,0)
(101217063,0)
(101217064,0)
(101217065,0)
(101217066,0)
(101217068,0)
(101217069,0)
(101217070,0)
(101217071,0)
(101217072,0)
(101217073,0)
(101217074,0)
(101217075,0)
(101217076,0)
(101217077,0)
(101217078,0)
(101217079,0)
(101217080,0)
(101217081,0)
(101217084,0)
(101217085,0)
(101217086,0)
(101217087,0)
(101217088,0)
(101217089,0)
(101217090,0)
(101217092,0)
(101217093,0)
(101217094,0)
(101217095,0)
(101217096,0)
(101217098,0)
(101217099,0)
(101217100,0)
(101217101,0)
(101217102,0)
(101217103,0)
(101217105,0)
(101217106,0)
(101217107,0)
(101217108,0)
(101217110,0)
(101217111,0)
(101217112,0)
(101217113,0)
(101217115,0)
(101217116,0)
(101217117,0)
(101217118,0)
(101217119,0)
(101217120,0)
(101217121,0)
(101217122,0)
(101217123,0)
(101217124,0)
(101217125,0)
(101217126,0)
(101217127,0)
(101217128,0)
(101217129,0)
(101217131,0)
(101217132,0)
(101217133,0)
(101217134,0)
(101217135,0)
(101217136,0)
(101217137,0)
(101217138,0)
(101217139,0)
(101217140,0)
(101217141,0)
(101217142,0)
(101217143,0)
(101217144,0)
(101217145,0)
(101217146,0)
(101217147,0)
(101217148,0)
(101217149,0)
(101217150,0)
(101217151,0)
(101217152,0)
(101217153,0)
(101217154,0)
(101217155,0)
(101217156,0)
(101217157,0)
(101217158,0)
(101217159,0)
(101217160,0)
(101217161,0)
(101217162,0)
(101217163,0)
(101217164,0)
(101217165,0)
(101217166,0)
(101217167,0)
(101217168,0)
(101217169,0)
(101217170,0)
(101217171,0)
(101217172,0)
(101217174,0)
(101217175,0)
(101217176,0)
(101217177,0)
(101217178,0)
(101217179,0)
(101217181,0)
(101217182,0)
(101217183,0)
(101217184,0)
(101217185,0)
(101217186,0)
(101217187,0)
(101217188,0)
(101217189,0)
(101217191,0)
(101217192,0)
(101217193,0)
(101217194,0)
(101217195,0)
(101217196,0)
(101217197,0)
(101217198,0)
(101217199,0)
(101217200,0)
(101217201,0)
(101217202,0)
(101217203,0)
(101217204,0)
(101217206,0)
(101217207,0)
(101217209,0)
(101217210,0)
(101217211,0)
(101217212,0)
(101217213,0)
(101217214,0)
(101217215,0)
(101217216,0)
(101217217,0)
(101217218,0)
(101217219,0)
(101217220,0)
(101217221,0)
(101217222,0)
(101217223,0)
(101217224,0)
(101217225,0)
(101217226,0)
(101217227,0)
(101217229,0)
(101217230,0)
(101217231,0)
(101217232,0)
(101217234,0)
(101217235,0)
(101217236,0)
(101217238,0)
(101217239,0)
(101217240,0)
(101217241,0)
(101217242,0)
(101217243,0)
(101217244,0)
(101217245,0)
(101217246,0)
(101217247,0)
(101217248,0)
(101217249,0)
(101217250,0)
(101217251,0)
(101217252,0)
(101217253,0)
(101217254,0)
(101217255,0)
(101217256,0)
(101217257,0)
(101217259,0)
(101217260,0)
(101217261,0)
(101217262,0)
(101217263,0)
(101217264,0)
(101217266,0)
(101217267,0)
(101217268,0)
(101217269,0)
(101217270,0)
(101217271,0)
(101217272,0)
(101217273,0)
(101217275,0)
(101217276,0)
(101217277,0)
(101217278,0)
(101217279,0)
(101217281,0)
(101217282,0)
(101217283,0)
(101217284,0)
(101217285,0)
(101217286,0)
(101217287,0)
(101217288,0)
(101217289,0)
(101217290,0)
(101217291,0)
(101217292,0)
(101217293,0)
(101217294,0)
(101217295,0)
(101217296,0)
(101217297,0)
(101217298,0)
(101217299,0)
(101217300,0)
(101217301,0)
(101217302,0)
(101217304,0)
(101217305,0)
(101217306,0)
(101217307,0)
(101217308,0)
(101217309,0)
(101217310,0)
(101217311,0)
(101217312,0)
(101217313,0)
(101217314,0)
(101217316,0)
(101217317,0)
(101217318,0)
(101217319,0)
(101217321,0)
(101217323,0)
(101217324,0)
(101217325,0)
(101217326,0)
(101217327,0)
(101217328,0)
(101217329,0)
(101217330,0)
(101217332,0)
(101217333,0)
(101217334,0)
(101217335,0)
(101217336,0)
(101217337,0)
(101217338,0)
(101217340,0)
(101217342,0)
(101217343,0)
(101217344,0)
(101217345,0)
(101217346,0)
(101217347,0)
(101217348,0)
(101217349,0)
(101217350,0)
(101217351,0)
(101217352,0)
(101217353,0)
(101217354,0)
(101217355,0)
(101217356,0)
(101217357,0)
(101217359,0)
(101217360,0)
(101217361,0)
(101217362,0)
(101217365,0)
(101217366,0)
(101217367,0)
(101217370,0)
(101217372,0)
(101217374,0)
(101217376,0)
(101217377,0)
(101217378,0)
(101217381,0)
(101217382,0)
(101217383,0)
(101217384,0)
(101217385,0)
(101217386,0)
(101217387,0)
(101217388,0)
(101217389,0)
(101217390,0)
(101217391,0)
(101217392,0)
(101217393,0)
(101217394,0)
(101217395,0)
(101217396,0)
(101217397,0)
(101217398,0)
(101217399,0)
(101217400,0)
(101217401,0)
(101217402,0)
(101217403,0)
(101217404,0)
(101217405,0)
(101217406,0)
(101217407,0)
(101217408,0)
(101217409,0)
(101217410,0)
(101217411,0)
(101217413,0)
(101217414,0)
(101217415,0)
(101217416,0)
(101217417,0)
(101217418,0)
(101217419,0)
(101217420,0)
(101217421,0)
(101217422,0)
(101217423,0)
(101217424,0)
(101217425,0)
(101217426,0)
(101217427,0)
(101217428,0)
(101217429,0)
(101217430,0)
(101217431,0)
(101217432,0)
(101217433,0)
(101217435,0)
(101217436,0)
(101217437,0)
(101217438,0)
(101217439,0)
(101217440,0)
(101217441,0)
(101217442,0)
(101217444,0)
(101217446,0)
(101217448,0)
(101217449,0)
(101217450,0)
(101217452,0)
(101217453,0)
(101217454,0)
(101217455,0)
(101217456,0)
(101217457,0)
(101217458,0)
(101217459,0)
(101217460,0)
(101217461,0)
(101217462,0)
(101217463,0)
(101217464,0)
(101217465,0)
(101217466,0)
(101217467,0)
(101217469,0)
(101217470,0)
(101217471,0)
(101217472,0)
(101217473,0)
(101217475,0)
(101217476,0)
(101217477,0)
(101217478,0)
(101217479,0)
(101217480,0)
(101217481,0)
(101217484,0)
(101217485,0)
(101217486,0)
(101217487,0)
(101217488,0)
(101217489,0)
(101217490,0)
(101217491,0)
(101217492,0)
(101217493,0)
(101217494,0)
(101217495,0)
(101217496,0)
(101217497,0)
(101217498,0)
(101217499,0)
(101217500,0)
(101217501,0)
(101217503,0)
(101217504,0)
(101217505,0)
(101217506,0)
(101217507,0)
(101217508,0)
(101217509,0)
(101217510,0)
(101217511,0)
(101217512,0)
(101217513,0)
(101217514,0)
(101217515,0)
(101217516,0)
(101217517,0)
(101217519,0)
(101217520,0)
(101217521,0)
(101217522,0)
(101217523,0)
(101217524,0)
(101217525,0)
(101217526,0)
(101217527,0)
(101217528,0)
(101217529,0)
(101217530,0)
(101217531,0)
(101217532,0)
(101217534,0)
(101217535,0)
(101217536,0)
(101217537,0)
(101217538,0)
(101217539,0)
(101217540,0)
(101217541,0)
(101217542,0)
(101217543,0)
(101217544,0)
(101217545,0)
(101217546,0)
(101217547,0)
(101217548,0)
(101217549,0)
(101217550,0)
(101217551,0)
(101217552,0)
(101217553,0)
(101217554,0)
(101217555,0)
(101217556,0)
(101217557,0)
(101217558,0)
(101217559,0)
(101217560,0)
(101217561,0)
(101217562,0)
(101217563,0)
(101217564,0)
(101217565,0)
(101217566,0)
(101217567,0)
(101217568,0)
(101217569,0)
(101217570,0)
(101217571,0)
(101217572,0)
(101217573,0)
(101217575,0)
(101217576,0)
(101217577,0)
(101217578,0)
(101217579,0)
(101217580,0)
(101217581,0)
(101217582,0)
(101217583,0)
(101217584,0)
(101217585,0)
(101217586,0)
(101217587,0)
(101217588,0)
(101217589,0)
(101217590,0)
(101217591,0)
(101217592,0)
(101217593,0)
(101217594,0)
(101217595,0)
(101217596,0)
(101217597,0)
(101217598,0)
(101217599,0)
(101217600,0)
(101217601,0)
(101217602,0)
(101217603,0)
(101217604,0)
(101217605,0)
(101217606,0)
(101217607,0)
(101217608,0)
(101217609,0)
(101217610,0)
(101217611,0)
(101217612,0)
(101217613,0)
(101217614,0)
(101217615,0)
(101217617,0)
(101217618,0)
(101217619,0)
(101217620,0)
(101217621,0)
(101217622,0)
(101217623,0)
(101217624,0)
(101217625,0)
(101217626,0)
(101217627,0)
(101217628,0)
(101217629,0)
(101217630,0)
(101217631,0)
(101217632,0)
(101217633,0)
(101217634,0)
(101217635,0)
(101217636,0)
(101217637,0)
(101217638,0)
(101217639,0)
(101217640,0)
(101217641,0)
(101217642,0)
(101217644,0)
(101217645,0)
(101217648,0)
(101217652,0)
(101217653,0)
(101217654,0)
(101217655,0)
(101217656,0)
(101217657,0)
(101217658,0)
(101217659,0)
(101217660,0)
(101217664,0)
(101217665,0)
(101217666,0)
(101217667,0)
(101217668,0)
(101217670,0)
(101217671,0)
(101217672,0)
(101217673,0)
(101217674,0)
(101217675,0)
(101217676,0)
(101217678,0)
(101217679,0)
(101217681,0)
(101217682,0)
(101217683,0)
(101217684,0)
(101217685,0)
(101217686,0)
(101217687,0)
(101217688,0)
(101217689,0)
(101217690,0)
(101217691,0)
(101217692,0)
(101217693,0)
(101217694,0)
(101217695,0)
(101217696,0)
(101217697,0)
(101217698,0)
(101217699,0)
(101217700,0)
(101217701,0)
(101217702,0)
(101217703,0)
(101217704,0)
(101217705,0)
(101217706,0)
(101217707,0)
(101217708,0)
(101217709,0)
(101217710,0)
(101217711,0)
(101217712,0)
(101217713,0)
(101217714,0)
(101217715,0)
(101217716,0)
(101217717,0)
(101217718,0)
(101217719,0)
(101217720,0)
(101217721,0)
(101217722,0)
(101217723,0)
(101217724,0)
(101217725,0)
(101217726,0)
(101217727,0)
(101217728,0)
(101217729,0)
(101217730,0)
(101217731,0)
(101217732,0)
(101217733,0)
(101217734,0)
(101217735,0)
(101217736,0)
(101217737,0)
(101217738,0)
(101217739,0)
(101217740,0)
(101217741,0)
(101217742,0)
(101217743,0)
(101217744,0)
(101217745,0)
(101217746,0)
(101217747,0)
(101217748,0)
(101217749,0)
(101217750,0)
(101217752,0)
(101217753,0)
(101217754,0)
(101217755,0)
(101217756,0)
(101217757,0)
(101217758,0)
(101217759,0)
(101217761,0)
(101217762,0)
(101217763,0)
(101217764,0)
(101217766,0)
(101217767,0)
(101217768,0)
(101217769,0)
(101217770,0)
(101217771,0)
(101217772,0)
(101217773,0)
(101217774,0)
(101217775,0)
(101217776,0)
(101217777,0)
(101217778,0)
(101217779,0)
(101217780,0)
(101217781,0)
(101217782,0)
(101217783,0)
(101217784,0)
(101217785,0)
(101217786,0)
(101217787,0)
(101217788,0)
(101217789,0)
(101217790,0)
(101217791,0)
(101217792,0)
(101217794,0)
(101217795,0)
(101217796,0)
(101217797,0)
(101217799,0)
(101217800,0)
(101217801,0)
(101217802,0)
(101217803,0)
(101217804,0)
(101217805,0)
(101217806,0)
(101217807,0)
(101217808,0)
(101217809,0)
(101217810,0)
(101217811,0)
(101217813,0)
(101217814,0)
(101217815,0)
(101217816,0)
(101217817,0)
(101217818,0)
(101217819,0)
(101217820,0)
(101217821,0)
(101217822,0)
(101217823,0)
(101217824,0)
(101217825,0)
(101217826,0)
(101217827,0)
(101217828,0)
(101217829,0)
(101217830,0)
(101217831,0)
(101217832,0)
(101217833,0)
(101217834,0)
(101217835,0)
(101217837,0)
(101217838,0)
(101217839,0)
(101217840,0)
(101217841,0)
(101217842,0)
(101217843,0)
(101217844,0)
(101217845,0)
(101217846,0)
(101217847,0)
(101217848,0)
(101217849,0)
(101217850,0)
(101217851,0)
(101217852,0)
(101217853,0)
(101217854,0)
(101217855,0)
(101217856,0)
(101217857,0)
(101217858,0)
(101217859,0)
(101217860,0)
(101217861,0)
(101217862,0)
(101217863,0)
(101217864,0)
(101217865,0)
(101217866,0)
(101217867,0)
(101217868,0)
(101217869,0)
(101217870,0)
(101217871,0)
(101217872,0)
(101217873,0)
(101217874,0)
(101217876,0)
(101217877,0)
(101217878,0)
(101217879,0)
(101217880,0)
(101217881,0)
(101217882,0)
(101217883,0)
(101217884,0)
(101217885,0)
(101217886,0)
(101217887,0)
(101217888,0)
(101217889,0)
(101217890,0)
(101217891,0)
(101217892,0)
(101217893,0)
(101217894,0)
(101217895,0)
(101217896,0)
(101217897,0)
(101217898,0)
(101217899,0)
(101217900,0)
(101217901,0)
(101217902,0)
(101217903,0)
(101217904,0)
(101217905,0)
(101217906,0)
(101217907,0)
(101217908,0)
(101217909,0)
(101217910,0)
(101217912,0)
(101217913,0)
(101217914,0)
(101217915,0)
(101217917,0)
(101217918,0)
(101217919,0)
(101217920,0)
(101217921,0)
(101217922,0)
(101217923,0)
(101217924,0)
(101217925,0)
(101217926,0)
(101217927,0)
(101217928,0)
(101217929,0)
(101217930,0)
(101217932,0)
(101217933,0)
(101217934,0)
(101217935,0)
(101217936,0)
(101217937,0)
(101217938,0)
(101217939,0)
(101217940,0)
(101217941,0)
(101217942,0)
(101217943,0)
(101217944,0)
(101217945,0)
(101217946,0)
(101217947,0)
(101217948,0)
(101217949,0)
(101217950,0)
(101217951,0)
(101217952,0)
(101217953,0)
(101217954,0)
(101217955,0)
(101217956,0)
(101217957,0)
(101217958,0)
(101217959,0)
(101217960,0)
(101217961,0)
(101217962,0)
(101217963,0)
(101217964,0)
(101217965,0)
(101217966,0)
(101217967,0)
(101217968,0)
(101217969,0)
(101217970,0)
(101217971,0)
(101217972,0)
(101217973,0)
(101217974,0)
(101217975,0)
(101217976,0)
(101217977,0)
(101217978,0)
(101217979,0)
(101217980,0)
(101217981,0)
(101217982,0)
(101217983,0)
(101217984,0)
(101217985,0)
(101217986,0)
(101217988,0)
(101217989,0)
(101217990,0)
(101217992,0)
(101217993,0)
(101217994,0)
(101217995,0)
(101217996,0)
(101217997,0)
(101217998,0)
(101217999,0)
(101218000,0)
(101218001,0)
(101218002,0)
(101218003,0)
(101218004,0)
(101218005,0)
(101218006,0)
(101218008,0)
(101218009,0)
(101218010,0)
(101218011,0)
(101218012,0)
(101218013,0)
(101218014,0)
(101218015,0)
(101218016,0)
(101218019,0)
(101218020,0)
(101218021,0)
(101218022,0)
(101218023,0)
(101218024,0)
(101218025,0)
(101218026,0)
(101218027,0)
(101218028,0)
(101218029,0)
(101218030,0)
(101218031,0)
(101218032,0)
(101218033,0)
(101218034,0)
(101218035,0)
(101218036,0)
(101218038,0)
(101218039,0)
(101218040,0)
(101218041,0)
(101218042,0)
(101218043,0)
(101218044,0)
(101218045,0)
(101218046,0)
(101218047,0)
(101218048,0)
(101218049,0)
(101218050,0)
(101218051,0)
(101218052,0)
(101218053,0)
(101218054,0)
(101218055,0)
(101218056,0)
(101218057,0)
(101218058,0)
(101218059,0)
(101218060,0)
(101218061,0)
(101218063,0)
(101218064,0)
(101218065,0)
(101218066,0)
(101218067,0)
(101218068,0)
(101218069,0)
(101218071,0)
(101218072,0)
(101218073,0)
(101218074,0)
(101218075,0)
(101218076,0)
(101218077,0)
(101218078,0)
(101218079,0)
(101218080,0)
(101218081,0)
(101218082,0)
(101218083,0)
(101218084,0)
(101218085,0)
(101218087,0)
(101218088,0)
(101218089,0)
(101218090,0)
(101218091,0)
(101218092,0)
(101218093,0)
(101218094,0)
(101218095,0)
(101218096,0)
(101218097,0)
(101218098,0)
(101218099,0)
(101218100,0)
(101218101,0)
(101218102,0)
(101218103,0)
(101218104,0)
(101218105,0)
(101218106,0)
(101218107,0)
(101218108,0)
(101218109,0)
(101218110,0)
(101218111,0)
(101218112,0)
(101218113,0)
(101218114,0)
(101218115,0)
(101218116,0)
(101218117,0)
(101218118,0)
(101218119,0)
(101218120,0)
(101218121,0)
(101218122,0)
(101218123,0)
(101218124,0)
(101218125,0)
(101218126,0)
(101218127,0)
(101218128,0)
(101218129,0)
(101218130,0)
(101218131,0)
(101218132,0)
(101218133,0)
(101218134,0)
(101218135,0)
(101218136,0)
(101218137,0)
(101218138,0)
(101218139,0)
(101218140,0)
(101218141,0)
(101218143,0)
(101218144,0)
(101218145,0)
(101218146,0)
(101218147,0)
(101218148,0)
(101218149,0)
(101218150,0)
(101218151,0)
(101218152,0)
(101218153,0)
(101218155,0)
(101218156,0)
(101218157,0)
(101218158,0)
(101218159,0)
(101218160,0)
(101218161,0)
(101218162,0)
(101218163,0)
(101218164,0)
(101218165,0)
(101218166,0)
(101218167,0)
(101218168,0)
(101218169,0)
(101218170,0)
(101218171,0)
(101218172,0)
(101218173,0)
(101218174,0)
(101218175,0)
(101218178,0)
(101218179,0)
(101218180,0)
(101218181,0)
(101218182,0)
(101218183,0)
(101218184,0)
(101218185,0)
(101218186,0)
(101218187,0)
(101218188,0)
(101218189,0)
(101218190,0)
(101218191,0)
(101218192,0)
(101218193,0)
(101218194,0)
(101218195,0)
(101218196,0)
(101218198,0)
(101218199,0)
(101218200,0)
(101218201,0)
(101218202,0)
(101218203,0)
(101218204,0)
(101218205,0)
(101218206,0)
(101218207,0)
(101218208,0)
(101218209,0)
(101218210,0)
(101218211,0)
(101218212,0)
(101218213,0)
(101218214,0)
(101218215,0)
(101218216,0)
(101218219,0)
(101218221,0)
(101218222,0)
(101218223,0)
(101218224,0)
(101218225,0)
(101218226,0)
(101218227,0)
(101218228,0)
(101218229,0)
(101218230,0)
(101218231,0)
(101218232,0)
(101218233,0)
(101218234,0)
(101218235,0)
(101218236,0)
(101218237,0)
(101218238,0)
(101218239,0)
(101218240,0)
(101218241,0)
(101218242,0)
(101218243,0)
(101218244,0)
(101218245,0)
(101218246,0)
(101218247,0)
(101218248,0)
(101218249,0)
(101218250,0)
(101218251,0)
(101218252,0)
(101218253,0)
(101218254,0)
(101218255,0)
(101218256,0)
(101218257,0)
(101218258,0)
(101218259,0)
(101218260,0)
(101218262,0)
(101218263,0)
(101218264,0)
(101218265,0)
(101218266,0)
(101218267,0)
(101218268,0)
(101218269,0)
(101218270,0)
(101218271,0)
(101218272,0)
(101218273,0)
(101218274,0)
(101218275,0)
(101218277,0)
(101218278,0)
(101218279,0)
(101218280,0)
(101218281,0)
(101218282,0)
(101218283,0)
(101218285,0)
(101218286,0)
(101218287,0)
(101218288,0)
(101218289,0)
(101218290,0)
(101218291,0)
(101218292,0)
(101218293,0)
(101218294,0)
(101218295,0)
(101218296,0)
(101218297,0)
(101218298,0)
(101218299,0)
(101218300,0)
(101218301,0)
(101218302,0)
(101218303,0)
(101218304,0)
(101218305,0)
(101218306,0)
(101218307,0)
(101218308,0)
(101218309,0)
(101218310,0)
(101218311,0)
(101218312,0)
(101218313,0)
(101218314,0)
(101218315,0)
(101218316,0)
(101218317,0)
(101218318,0)
(101218319,0)
(101218320,0)
(101218321,0)
(101218322,0)
(101218323,0)
(101218324,0)
(101218325,0)
(101218326,0)
(101218327,0)
(101218328,6)
(101218329,0)
(101218330,0)
(101218331,0)
(101218332,0)
(101218333,0)
(101218334,0)
(101218335,0)
(101218336,0)
(101218337,0)
(101218338,0)
(101218339,0)
(101218340,0)
(101218341,0)
(101218342,0)
(101218343,0)
(101218344,0)
(101218345,0)
(101218346,0)
(101218347,0)
(101218348,0)
(101218349,0)
(101218350,0)
(101218351,0)
(101218352,0)
(101218353,0)
(101218354,0)
(101218355,0)
(101218356,0)
(101218357,0)
(101218359,0)
(101218360,0)
(101218361,0)
(101218362,0)
(101218363,0)
(101218366,0)
(101218367,0)
(101218368,0)
(101218369,0)
(101218370,0)
(101218371,0)
(101218372,0)
(101218373,0)
(101218374,0)
(101218375,0)
(101218376,0)
(101218377,0)
(101218378,0)
(101218379,0)
(101218380,0)
(101218381,0)
(101218382,0)
(101218383,0)
(101218384,0)
(101218385,0)
(101218386,0)
(101218387,0)
(101218389,0)
(101218391,0)
(101218392,0)
(101218393,0)
(101218395,0)
(101218396,0)
(101218397,0)
(101218398,0)
(101218399,0)
(101218400,0)
(101218401,0)
(101218402,0)
(101218403,0)
(101218404,0)
(101218405,0)
(101218406,0)
(101218408,0)
(101218409,0)
(101218410,0)
(101218412,0)
(101218414,0)
(101218415,0)
(101218416,0)
(101218417,0)
(101218418,0)
(101218419,0)
(101218420,0)
(101218421,0)
(101218422,0)
(101218423,0)
(101218424,0)
(101218425,0)
(101218426,0)
(101218427,0)
(101218428,0)
(101218429,0)
(101218431,0)
(101218432,0)
(101218433,0)
(101218434,0)
(101218435,0)
(101218436,0)
(101218437,0)
(101218438,0)
(101218439,0)
(101218440,0)
(101218441,0)
(101218442,0)
(101218443,0)
(101218445,0)
(101218446,0)
(101218447,0)
(101218448,0)
(101218449,0)
(101218450,0)
(101218451,0)
(101218452,0)
(101218453,0)
(101218454,0)
(101218455,0)
(101218456,0)
(101218457,0)
(101218459,0)
(101218460,0)
(101218461,0)
(101218462,0)
(101218463,0)
(101218464,0)
(101218466,0)
(101218467,0)
(101218468,0)
(101218469,0)
(101218470,0)
(101218471,0)
(101218472,0)
(101218473,0)
(101218474,0)
(101218475,0)
(101218476,0)
(101218477,0)
(101218478,0)
(101218479,0)
(101218480,0)
(101218481,0)
(101218482,0)
(101218483,0)
(101218484,0)
(101218485,0)
(101218486,0)
(101218487,0)
(101218488,0)
(101218489,0)
(101218490,0)
(101218491,0)
(101218492,0)
(101218493,0)
(101218494,0)
(101218495,0)
(101218496,0)
(101218497,0)
(101218498,0)
(101218499,0)
(101218500,0)
(101218501,0)
(101218502,0)
(101218503,0)
(101218504,0)
(101218505,0)
(101218506,0)
(101218507,0)
(101218508,0)
(101218509,0)
(101218510,0)
(101218511,0)
(101218512,0)
(101218513,0)
(101218514,0)
(101218515,0)
(101218516,0)
(101218517,0)
(101218518,0)
(101218519,0)
(101218520,0)
(101218521,0)
(101218522,0)
(101218523,0)
(101218524,0)
(101218525,0)
(101218526,0)
(101218527,0)
(101218528,0)
(101218529,0)
(101218530,0)
(101218531,0)
(101218532,0)
(101218533,0)
(101218534,0)
(101218535,0)
(101218536,0)
(101218537,0)
(101218538,0)
(101218539,0)
(101218540,0)
(101218541,0)
(101218542,0)
(101218543,0)
(101218544,0)
(101218545,0)
(101218546,0)
(101218547,0)
(101218548,0)
(101218549,0)
(101218550,0)
(101218551,0)
(101218552,0)
(101218553,0)
(101218554,0)
(101218555,0)
(101218556,0)
(101218557,0)
(101218558,0)
(101218559,0)
(101218560,0)
(101218561,0)
(101218562,0)
(101218563,0)
(101218564,0)
(101218565,0)
(101218566,0)
(101218567,0)
(101218568,0)
(101218569,0)
(101218570,0)
(101218571,0)
(101218572,0)
(101218573,0)
(101218574,0)
(101218577,0)
(101218578,0)
(101218579,0)
(101218580,0)
(101218581,0)
(101218582,0)
(101218583,0)
(101218584,0)
(101218585,0)
(101218586,0)
(101218587,0)
(101218588,0)
(101218590,0)
(101218591,0)
(101218592,0)
(101218593,0)
(101218594,0)
(101218595,0)
(101218596,0)
(101218597,0)
(101218598,0)
(101218599,0)
(101218600,0)
(101218601,0)
(101218602,0)
(101218603,0)
(101218604,0)
(101218605,0)
(101218606,0)
(101218607,0)
(101218608,0)
(101218609,0)
(101218610,0)
(101218611,0)
(101218612,0)
(101218613,0)
(101218614,0)
(101218615,0)
(101218616,0)
(101218617,0)
(101218618,0)
(101218619,0)
(101218621,0)
(101218622,0)
(101218623,0)
(101218624,0)
(101218625,0)
(101218626,0)
(101218627,0)
(101218628,0)
(101218629,0)
(101218630,0)
(101218631,0)
(101218632,0)
(101218633,0)
(101218634,0)
(101218635,0)
(101218636,0)
(101218637,0)
(101218640,0)
(101218641,0)
(101218642,0)
(101218643,0)
(101218645,0)
(101218646,0)
(101218647,0)
(101218648,0)
(101218649,0)
(101218650,0)
(101218651,0)
(101218652,0)
(101218653,0)
(101218654,0)
(101218655,0)
(101218656,0)
(101218657,0)
(101218658,0)
(101218659,0)
(101218660,0)
(101218661,0)
(101218662,0)
(101218663,0)
(101218664,0)
(101218665,0)
(101218666,0)
(101218667,0)
(101218668,0)
(101218669,0)
(101218670,0)
(101218671,0)
(101218673,0)
(101218674,0)
(101218675,0)
(101218676,0)
(101218677,0)
(101218678,0)
(101218679,0)
(101218680,0)
(101218681,0)
(101218682,0)
(101218683,0)
(101218684,0)
(101218687,0)
(101218688,0)
(101218689,0)
(101218690,0)
(101218691,0)
(101218692,0)
(101218693,0)
(101218694,0)
(101218695,0)
(101218696,0)
(101218697,0)
(101218698,0)
(101218699,0)
(101218700,0)
(101218702,0)
(101218703,0)
(101218704,0)
(101218705,0)
(101218706,0)
(101218707,0)
(101218708,0)
(101218709,0)
(101218710,0)
(101218711,0)
(101218713,0)
(101218714,0)
(101218715,0)
(101218716,0)
(101218717,0)
(101218718,0)
(101218719,0)
(101218720,0)
(101218721,0)
(101218722,0)
(101218723,0)
(101218724,0)
(101218725,0)
(101218726,0)
(101218727,0)
(101218728,0)
(101218730,0)
(101218731,0)
(101218732,0)
(101218733,0)
(101218734,0)
(101218735,0)
(101218736,0)
(101218737,0)
(101218738,0)
(101218739,0)
(101218740,0)
(101218741,0)
(101218742,0)
(101218743,0)
(101218744,0)
(101218745,0)
(101218746,0)
(101218747,0)
(101218748,0)
(101218749,0)
(101218750,0)
(101218751,0)
(101218752,0)
(101218753,0)
(101218754,0)
(101218755,0)
(101218756,0)
(101218757,0)
(101218758,0)
(101218759,0)
(101218760,0)
(101218761,0)
(101218762,0)
(101218763,0)
(101218764,0)
(101218765,0)
(101218766,0)
(101218768,0)
(101218769,0)
(101218770,0)
(101218771,0)
(101218772,0)
(101218773,0)
(101218774,0)
(101218775,0)
(101218776,0)
(101218777,0)
(101218778,0)
(101218779,0)
(101218780,0)
(101218781,0)
(101218782,0)
(101218783,0)
(101218784,0)
(101218785,0)
(101218786,0)
(101218787,0)
(101218788,0)
(101218789,0)
(101218790,0)
(101218791,0)
(101218792,0)
(101218793,0)
(101218794,0)
(101218795,0)
(101218796,0)
(101218797,0)
(101218798,0)
(101218799,0)
(101218800,0)
(101218801,0)
(101218802,0)
(101218803,0)
(101218804,0)
(101218805,0)
(101218806,0)
(101218807,0)
(101218808,0)
(101218809,0)
(101218810,0)
(101218811,0)
(101218812,0)
(101218813,0)
(101218814,0)
(101218815,0)
(101218816,0)
(101218817,0)
(101218818,0)
(101218819,0)
(101218820,0)
(101218821,0)
(101218822,0)
(101218823,0)
(101218824,0)
(101218825,0)
(101218826,0)
(101218827,0)
(101218828,0)
(101218829,0)
(101218830,0)
(101218831,0)
(101218832,0)
(101218833,0)
(101218834,0)
(101218835,0)
(101218836,0)
(101218837,0)
(101218838,0)
(101218839,0)
(101218840,0)
(101218841,0)
(101218842,0)
(101218843,0)
(101218844,0)
(101218845,0)
(101218846,0)
(101218847,0)
(101218848,0)
(101218849,0)
(101218850,0)
(101218851,0)
(101218852,0)
(101218853,0)
(101218854,0)
(101218855,0)
(101218856,0)
(101218857,0)
(101218858,0)
(101218859,0)
(101218860,0)
(101218861,0)
(101218862,0)
(101218863,0)
(101218864,0)
(101218865,0)
(101218866,0)
(101218867,0)
(101218868,0)
(101218869,0)
(101218870,0)
(101218871,0)
(101218872,0)
(101218873,0)
(101218874,0)
(101218875,0)
(101218876,0)
(101218877,0)
(101218878,0)
(101218879,0)
(101218880,0)
(101218881,0)
(101218882,0)
(101218883,0)
(101218884,0)
(101218885,0)
(101218886,0)
(101218887,0)
(101218888,0)
(101218890,0)
(101218891,0)
(101218892,0)
(101218893,0)
(101218894,0)
(101218895,0)
(101218896,0)
(101218897,0)
(101218898,0)
(101218899,0)
(101218900,0)
(101218901,0)
(101218902,0)
(101218903,0)
(101218904,0)
(101218905,0)
(101218906,0)
(101218907,0)
(101218908,0)
(101218909,0)
(101218910,0)
(101218911,0)
(101218912,0)
(101218913,0)
(101218914,0)
(101218915,0)
(101218916,0)
(101218917,0)
(101218918,0)
(101218919,0)
(101218920,0)
(101218921,0)
(101218922,0)
(101218923,0)
(101218924,0)
(101218925,0)
(101218926,0)
(101218927,0)
(101218928,0)
(101218929,0)
(101218930,0)
(101218931,0)
(101218932,0)
(101218933,0)
(101218934,0)
(101218935,0)
(101218936,0)
(101218937,0)
(101218938,0)
(101218939,0)
(101218940,0)
(101218941,0)
(101218942,0)
(101218943,0)
(101218944,0)
(101218945,0)
(101218946,0)
(101218947,0)
(101218948,0)
(101218949,0)
(101218950,0)
(101218951,0)
(101218952,0)
(101218953,0)
(101218954,0)
(101218955,0)
(101218956,0)
(101218957,0)
(101218958,0)
(101218959,0)
(101218960,0)
(101218961,0)
(101218962,0)
(101218963,0)
(101218964,0)
(101218965,0)
(101218966,0)
(101218967,0)
(101218968,0)
(101218969,0)
(101218970,0)
(101218971,0)
(101218972,0)
(101218973,0)
(101218975,0)
(101218976,0)
(101218977,0)
(101218978,0)
(101218979,0)
(101218980,0)
(101218981,0)
(101218982,0)
(101218983,0)
(101218984,0)
(101218985,0)
(101218986,0)
(101218987,0)
(101218988,0)
(101218989,0)
(101218990,0)
(101218991,0)
(101218992,0)
(101218993,0)
(101218994,0)
(101218995,0)
(101218996,0)
(101218997,0)
(101218998,0)
(101218999,0)
(101219000,0)
(101219002,0)
(101219003,0)
(101219004,0)
(101219005,0)
(101219006,0)
(101219008,0)
(101219009,0)
(101219010,0)
(101219011,0)
(101219012,0)
(101219014,0)
(101219015,0)
(101219017,0)
(101219018,0)
(101219019,0)
(101219020,0)
(101219021,0)
(101219022,0)
(101219023,0)
(101219024,0)
(101219025,0)
(101219026,0)
(101219027,0)
(101219028,0)
(101219029,0)
(101219030,0)
(101219031,0)
(101219032,0)
(101219033,0)
(101219034,0)
(101219035,0)
(101219036,0)
(101219037,0)
(101219038,0)
(101219040,0)
(101219041,0)
(101219042,0)
(101219043,0)
(101219044,0)
(101219045,0)
(101219046,0)
(101219047,0)
(101219048,0)
(101219049,0)
(101219050,0)
(101219051,0)
(101219052,0)
(101219053,0)
(101219054,0)
(101219055,0)
(101219056,0)
(101219057,0)
(101219058,0)
(101219059,0)
(101219061,0)
(101219062,0)
(101219063,0)
(101219066,0)
(101219067,0)
(101219068,0)
(101219069,0)
(101219070,0)
(101219071,0)
(101219072,0)
(101219073,0)
(101219075,0)
(101219076,0)
(101219078,0)
(101219079,0)
(101219080,0)
(101219081,0)
(101219085,0)
(101219086,0)
(101219087,0)
(101219088,0)
(101219089,0)
(101219090,0)
(101219091,0)
(101219092,0)
(101219093,0)
(101219095,0)
(101219096,0)
(101219097,0)
(101219098,0)
(101219099,0)
(101219100,0)
(101219101,0)
(101219102,0)
(101219103,0)
(101219104,0)
(101219105,0)
(101219106,0)
(101219108,0)
(101219109,0)
(101219110,0)
(101219111,0)
(101219112,0)
(101219113,0)
(101219114,0)
(101219115,0)
(101219116,0)
(101219117,0)
(101219118,0)
(101219119,0)
(101219120,0)
(101219122,0)
(101219123,0)
(101219124,0)
(101219125,0)
(101219126,0)
(101219127,0)
(101219128,0)
(101219129,0)
(101219131,0)
(101219132,0)
(101219133,0)
(101219134,0)
(101219135,0)
(101219136,0)
(101219137,0)
(101219138,0)
(101219139,0)
(101219140,0)
(101219141,0)
(101219142,0)
(101219143,0)
(101219144,0)
(101219145,0)
(101219146,0)
(101219147,0)
(101219149,0)
(101219150,0)
(101219151,0)
(101219152,0)
(101219153,0)
(101219154,0)
(101219155,0)
(101219156,0)
(101219157,0)
(101219158,0)
(101219159,0)
(101219160,0)
(101219161,0)
(101219162,0)
(101219163,0)
(101219164,0)
(101219165,0)
(101219166,0)
(101219167,0)
(101219168,0)
(101219169,0)
(101219170,0)
(101219171,0)
(101219172,0)
(101219173,0)
(101219174,0)
(101219175,0)
(101219176,0)
(101219177,0)
(101219178,0)
(101219179,0)
(101219180,0)
(101219181,0)
(101219182,0)
(101219183,0)
(101219184,0)
(101219185,0)
(101219186,0)
(101219187,0)
(101219189,0)
(101219190,0)
(101219191,0)
(101219192,0)
(101219193,0)
(101219194,0)
(101219195,0)
(101219196,0)
(101219197,0)
(101219198,0)
(101219199,0)
(101219200,0)
(101219201,0)
(101219202,0)
(101219203,0)
(101219204,0)
(101219205,0)
(101219206,0)
(101219207,0)
(101219208,0)
(101219209,0)
(101219210,0)
(101219211,0)
(101219212,0)
(101219213,0)
(101219214,0)
(101219215,0)
(101219217,0)
(101219218,0)
(101219219,0)
(101219220,0)
(101219221,0)
(101219222,0)
(101219223,0)
(101219224,0)
(101219225,0)
(101219226,0)
(101219227,0)
(101219228,0)
(101219229,0)
(101219230,0)
(101219232,0)
(101219233,0)
(101219234,0)
(101219235,0)
(101219236,0)
(101219237,0)
(101219238,0)
(101219239,0)
(101219240,0)
(101219241,0)
(101219242,0)
(101219243,0)
(101219244,0)
(101219245,0)
(101219246,0)
(101219247,0)
(101219248,0)
(101219249,0)
(101219250,0)
(101219251,0)
(101219252,0)
(101219253,0)
(101219254,0)
(101219255,0)
(101219256,0)
(101219257,0)
(101219258,0)
(101219259,0)
(101219260,0)
(101219261,0)
(101219262,0)
(101219263,0)
(101219264,0)
(101219265,0)
(101219266,0)
(101219267,0)
(101219268,0)
(101219269,0)
(101219270,0)
(101219271,0)
(101219272,0)
(101219273,0)
(101219274,0)
(101219275,0)
(101219276,0)
(101219277,0)
(101219278,0)
(101219279,0)
(101219280,0)
(101219281,0)
(101219282,0)
(101219283,0)
(101219284,0)
(101219285,0)
(101219287,0)
(101219288,0)
(101219289,0)
(101219290,0)
(101219291,0)
(101219292,0)
(101219293,0)
(101219294,0)
(101219295,0)
(101219296,0)
(101219297,0)
(101219298,0)
(101219299,0)
(101219300,0)
(101219301,0)
(101219302,0)
(101219303,0)
(101219304,0)
(101219305,0)
(101219306,0)
(101219307,0)
(101219308,0)
(101219309,0)
(101219310,0)
(101219311,0)
(101219312,0)
(101219313,0)
(101219314,0)
(101219315,0)
(101219316,0)
(101219317,0)
(101219318,0)
(101219319,0)
(101219320,0)
(101219321,0)
(101219322,0)
(101219323,0)
(101219324,0)
(101219325,0)
(101219326,0)
(101219327,0)
(101219328,0)
(101219329,0)
(101219330,0)
(101219331,0)
(101219332,0)
(101219333,0)
(101219334,0)
(101219335,0)
(101219336,0)
(101219337,0)
(101219338,0)
(101219339,0)
(101219341,0)
(101219342,0)
(101219343,0)
(101219344,0)
(101219345,0)
(101219346,0)
(101219347,0)
(101219348,0)
(101219349,0)
(101219350,0)
(101219351,0)
(101219352,0)
(101219353,0)
(101219354,0)
(101219355,0)
(101219356,0)
(101219357,0)
(101219358,0)
(101219359,0)
(101219360,0)
(101219361,0)
(101219362,0)
(101219363,0)
(101219364,0)
(101219365,0)
(101219366,0)
(101219367,0)
(101219368,0)
(101219369,0)
(101219370,0)
(101219371,0)
(101219372,0)
(101219373,0)
(101219374,0)
(101219375,0)
(101219376,0)
(101219377,0)
(101219378,0)
(101219379,0)
(101219380,0)
(101219381,0)
(101219382,0)
(101219383,0)
(101219384,0)
(101219385,0)
(101219386,0)
(101219389,0)
(101219390,0)
(101219392,0)
(101219393,0)
(101219394,0)
(101219395,0)
(101219396,0)
(101219397,0)
(101219398,0)
(101219399,0)
(101219400,0)
(101219401,0)
(101219402,0)
(101219403,0)
(101219404,0)
(101219405,0)
(101219406,0)
(101219407,0)
(101219408,0)
(101219410,0)
(101219411,0)
(101219412,0)
(101219413,0)
(101219414,0)
(101219415,0)
(101219416,0)
(101219417,0)
(101219418,0)
(101219419,0)
(101219420,0)
(101219421,0)
(101219422,0)
(101219423,0)
(101219424,0)
(101219425,0)
(101219426,0)
(101219427,0)
(101219428,0)
(101219429,0)
(101219430,0)
(101219431,0)
(101219432,0)
(101219433,0)
(101219434,0)
(101219435,0)
(101219436,0)
(101219437,0)
(101219438,0)
(101219439,0)
(101219440,0)
(101219441,0)
(101219442,0)
(101219443,0)
(101219444,0)
(101219445,0)
(101219446,0)
(101219447,0)
(101219448,0)
(101219449,0)
(101219450,0)
(101219451,0)
(101219452,0)
(101219453,0)
(101219454,0)
(101219455,0)
(101219456,0)
(101219457,0)
(101219458,0)
(101219459,0)
(101219460,0)
(101219461,0)
(101219462,0)
(101219463,0)
(101219464,0)
(101219465,4)
(101219466,0)
(101219467,0)
(101219468,0)
(101219469,0)
(101219470,0)
(101219471,0)
(101219472,0)
(101219473,0)
(101219474,0)
(101219475,0)
(101219476,0)
(101219477,0)
(101219478,0)
(101219479,0)
(101219480,0)
(101219482,0)
(101219483,0)
(101219484,0)
(101219485,0)
(101219486,0)
(101219487,0)
(101219488,0)
(101219489,0)
(101219490,0)
(101219491,0)
(101219492,0)
(101219493,0)
(101219494,0)
(101219495,0)
(101219496,0)
(101219497,0)
(101219498,0)
(101219499,0)
(101219500,0)
(101219501,0)
(101219502,0)
(101219503,0)
(101219504,0)
(101219505,0)
(101219506,0)
(101219507,0)
(101219508,0)
(101219509,0)
(101219510,0)
(101219511,0)
(101219513,0)
(101219514,0)
(101219515,0)
(101219516,0)
(101219517,0)
(101219518,0)
(101219519,0)
(101219520,0)
(101219521,0)
(101219522,0)
(101219523,0)
(101219524,0)
(101219525,0)
(101219526,0)
(101219527,0)
(101219528,0)
(101219529,0)
(101219530,0)
(101219531,0)
(101219532,0)
(101219533,0)
(101219534,0)
(101219535,0)
(101219536,0)
(101219537,0)
(101219538,0)
(101219539,0)
(101219540,0)
(101219541,0)
(101219542,0)
(101219543,0)
(101219544,0)
(101219545,0)
(101219546,0)
(101219547,0)
(101219548,0)
(101219549,0)
(101219550,0)
(101219551,0)
(101219552,0)
(101219553,0)
(101219554,0)
(101219555,0)
(101219556,0)
(101219557,0)
(101219558,0)
(101219559,0)
(101219560,0)
(101219561,0)
(101219562,0)
(101219563,0)
(101219564,0)
(101219565,0)
(101219566,0)
(101219567,0)
(101219568,0)
(101219569,0)
(101219570,0)
(101219571,0)
(101219572,0)
(101219574,0)
(101219575,0)
(101219576,0)
(101219577,0)
(101219578,0)
(101219579,0)
(101219580,0)
(101219581,0)
(101219582,0)
(101219583,0)
(101219584,0)
(101219585,0)
(101219586,0)
(101219587,0)
(101219588,0)
(101219589,0)
(101219590,0)
(101219591,0)
(101219592,0)
(101219593,0)
(101219594,0)
(101219595,0)
(101219596,0)
(101219597,0)
(101219598,0)
(101219599,0)
(101219600,0)
(101219601,0)
(101219602,0)
(101219603,0)
(101219604,0)
(101219605,0)
(101219606,0)
(101219607,0)
(101219608,0)
(101219609,0)
(101219610,0)
(101219611,0)
(101219612,0)
(101219614,0)
(101219615,0)
(101219616,0)
(101219617,0)
(101219618,0)
(101219619,0)
(101219620,0)
(101219621,0)
(101219622,0)
(101219623,0)
(101219624,0)
(101219625,0)
(101219626,0)
(101219627,0)
(101219628,0)
(101219629,0)
(101219630,0)
(101219631,0)
(101219632,0)
(101219633,0)
(101219634,0)
(101219635,0)
(101219636,0)
(101219637,0)
(101219638,0)
(101219639,0)
(101219640,0)
(101219641,0)
(101219642,0)
(101219643,0)
(101219644,0)
(101219645,0)
(101219646,0)
(101219647,0)
(101219648,0)
(101219649,0)
(101219650,0)
(101219653,0)
(101219654,0)
(101219655,0)
(101219656,0)
(101219657,0)
(101219658,0)
(101219659,0)
(101219660,0)
(101219661,0)
(101219662,0)
(101219663,0)
(101219664,0)
(101219665,0)
(101219666,0)
(101219667,0)
(101219669,0)
(101219670,0)
(101219671,0)
(101219672,0)
(101219674,0)
(101219675,0)
(101219676,0)
(101219678,0)
(101219679,0)
(101219680,0)
(101219681,0)
(101219682,0)
(101219683,0)
(101219684,0)
(101219685,0)
(101219686,0)
(101219687,0)
(101219688,0)
(101219689,0)
(101219690,0)
(101219691,0)
(101219692,0)
(101219693,0)
(101219694,0)
(101219695,0)
(101219696,0)
(101219697,0)
(101219698,0)
(101219699,0)
(101219700,0)
(101219701,0)
(101219702,0)
(101219703,0)
(101219704,0)
(101219705,0)
(101219706,0)
(101219707,0)
(101219708,0)
(101219709,0)
(101219710,0)
(101219711,0)
(101219712,0)
(101219713,0)
(101219714,0)
(101219715,0)
(101219716,0)
(101219717,0)
(101219718,0)
(101219719,0)
(101219720,0)
(101219721,0)
(101219722,0)
(101219723,0)
(101219724,0)
(101219725,0)
(101219726,0)
(101219727,0)
(101219728,0)
(101219729,0)
(101219730,0)
(101219731,0)
(101219732,0)
(101219733,0)
(101219734,0)
(101219735,0)
(101219736,0)
(101219738,0)
(101219739,0)
(101219740,0)
(101219741,0)
(101219742,0)
(101219744,0)
(101219745,0)
(101219746,0)
(101219747,0)
(101219748,0)
(101219749,0)
(101219750,0)
(101219752,0)
(101219753,0)
(101219754,0)
(101219755,0)
(101219756,0)
(101219757,0)
(101219758,0)
(101219759,0)
(101219760,0)
(101219761,0)
(101219762,0)
(101219763,0)
(101219764,0)
(101219765,0)
(101219766,0)
(101219769,0)
(101219770,0)
(101219771,0)
(101219772,0)
(101219773,0)
(101219774,0)
(101219775,0)
(101219776,0)
(101219777,0)
(101219778,0)
(101219779,0)
(101219780,0)
(101219781,0)
(101219782,0)
(101219783,0)
(101219784,0)
(101219785,0)
(101219786,0)
(101219788,0)
(101219789,0)
(101219790,0)
(101219791,0)
(101219792,0)
(101219793,0)
(101219794,0)
(101219795,0)
(101219796,0)
(101219797,0)
(101219798,0)
(101219799,0)
(101219800,0)
(101219801,0)
(101219802,0)
(101219803,0)
(101219804,0)
(101219805,0)
(101219807,0)
(101219809,0)
(101219810,0)
(101219811,0)
(101219812,0)
(101219813,0)
(101219814,0)
(101219815,0)
(101219817,0)
(101219818,0)
(101219819,0)
(101219820,0)
(101219821,0)
(101219822,0)
(101219823,0)
(101219824,0)
(101219825,0)
(101219826,0)
(101219827,0)
(101219828,0)
(101219829,0)
(101219830,0)
(101219831,0)
(101219832,0)
(101219833,0)
(101219834,0)
(101219835,0)
(101219836,0)
(101219837,0)
(101219838,0)
(101219839,0)
(101219840,0)
(101219841,0)
(101219842,0)
(101219843,0)
(101219844,0)
(101219845,0)
(101219846,0)
(101219847,0)
(101219848,0)
(101219849,0)
(101219850,0)
(101219851,0)
(101219852,0)
(101219853,0)
(101219854,0)
(101219855,0)
(101219856,0)
(101219857,0)
(101219859,0)
(101219860,0)
(101219861,0)
(101219862,0)
(101219863,0)
(101219864,0)
(101219865,0)
(101219866,0)
(101219867,0)
(101219868,0)
(101219869,0)
(101219870,0)
(101219871,0)
(101219872,0)
(101219873,0)
(101219874,0)
(101219875,0)
(101219876,0)
(101219877,0)
(101219878,0)
(101219879,0)
(101219880,0)
(101219881,0)
(101219882,0)
(101219883,0)
(101219884,0)
(101219885,0)
(101219886,0)
(101219887,0)
(101219888,0)
(101219889,0)
(101219890,0)
(101219891,0)
(101219892,0)
(101219893,0)
(101219894,0)
(101219895,0)
(101219896,0)
(101219897,0)
(101219898,0)
(101219899,0)
(101219900,0)
(101219901,0)
(101219902,0)
(101219903,0)
(101219904,0)
(101219905,0)
(101219906,0)
(101219907,0)
(101219908,0)
(101219909,0)
(101219910,0)
(101219911,0)
(101219912,0)
(101219913,0)
(101219914,0)
(101219915,0)
(101219916,0)
(101219917,0)
(101219918,0)
(101219919,0)
(101219920,0)
(101219921,0)
(101219922,0)
(101219923,0)
(101219924,0)
(101219925,0)
(101219926,0)
(101219927,0)
(101219928,0)
(101219929,0)
(101219930,0)
(101219931,0)
(101219932,0)
(101219933,0)
(101219934,0)
(101219935,0)
(101219936,0)
(101219937,0)
(101219938,0)
(101219939,0)
(101219941,0)
(101219942,0)
(101219943,0)
(101219944,0)
(101219945,0)
(101219946,0)
(101219947,0)
(101219948,0)
(101219949,0)
(101219950,0)
(101219951,0)
(101219952,0)
(101219953,0)
(101219954,0)
(101219955,0)
(101219956,0)
(101219957,0)
(101219958,0)
(101219959,0)
(101219960,0)
(101219961,0)
(101219962,0)
(101219963,0)
(101219964,0)
(101219965,0)
(101219966,0)
(101219967,0)
(101219968,0)
(101219969,0)
(101219970,0)
(101219971,0)
(101219972,0)
(101219973,0)
(101219975,0)
(101219976,0)
(101219977,0)
(101219978,0)
(101219979,0)
(101219980,0)
(101219981,0)
(101219982,0)
(101219983,0)
(101219984,0)
(101219985,0)
(101219986,0)
(101219987,0)
(101219988,0)
(101219989,0)
(101219990,0)
(101219991,0)
(101219992,0)
(101219993,0)
(101219995,0)
(101219996,0)
(101219997,0)
(101219998,0)
(101219999,0)
(101220000,0)
(101220001,0)
(101220002,0)
(101220003,0)
(101220005,0)
(101220006,0)
(101220007,0)
(101220008,0)
(101220009,0)
(101220010,0)
(101220011,0)
(101220012,0)
(101220013,0)
(101220014,0)
(101220015,0)
(101220016,0)
(101220017,0)
(101220018,0)
(101220019,0)
(101220020,0)
(101220021,0)
(101220022,0)
(101220023,0)
(101220024,0)
(101220026,0)
(101220027,0)
(101220028,0)
(101220029,0)
(101220030,0)
(101220031,0)
(101220032,0)
(101220033,0)
(101220034,0)
(101220035,0)
(101220036,0)
(101220037,0)
(101220038,0)
(101220039,0)
(101220040,0)
(101220041,0)
(101220042,0)
(101220043,0)
(101220044,0)
(101220045,0)
(101220046,0)
(101220047,0)
(101220048,0)
(101220049,0)
(101220050,0)
(101220051,0)
(101220052,0)
(101220053,0)
(101220054,0)
(101220055,0)
(101220056,0)
(101220057,0)
(101220058,0)
(101220059,0)
(101220060,0)
(101220061,0)
(101220062,0)
(101220063,0)
(101220064,0)
(101220065,0)
(101220066,0)
(101220067,0)
(101220068,0)
(101220069,0)
(101220070,0)
(101220071,0)
(101220072,0)
(101220073,0)
(101220074,0)
(101220075,0)
(101220076,0)
(101220077,0)
(101220078,0)
(101220079,0)
(101220080,0)
(101220081,0)
(101220082,0)
(101220083,0)
(101220084,0)
(101220085,0)
(101220086,0)
(101220087,0)
(101220088,0)
(101220089,0)
(101220090,0)
(101220091,0)
(101220092,0)
(101220093,0)
(101220094,0)
(101220095,0)
(101220096,0)
(101220097,0)
(101220098,0)
(101220100,0)
(101220101,0)
(101220102,0)
(101220103,0)
(101220104,0)
(101220105,0)
(101220106,0)
(101220107,0)
(101220108,0)
(101220109,0)
(101220110,0)
(101220111,0)
(101220112,0)
(101220113,0)
(101220115,0)
(101220116,0)
(101220117,0)
(101220118,0)
(101220119,0)
(101220120,0)
(101220121,0)
(101220122,0)
(101220123,0)
(101220124,0)
(101220125,0)
(101220126,0)
(101220127,0)
(101220128,0)
(101220129,0)
(101220130,0)
(101220131,0)
(101220132,0)
(101220133,0)
(101220134,0)
(101220135,0)
(101220136,0)
(101220137,0)
(101220138,0)
(101220139,0)
(101220140,0)
(101220141,0)
(101220142,0)
(101220143,0)
(101220144,0)
(101220145,0)
(101220146,0)
(101220147,0)
(101220148,0)
(101220149,0)
(101220150,0)
(101220151,0)
(101220152,0)
(101220153,0)
(101220154,0)
(101220155,0)
(101220156,0)
(101220157,0)
(101220159,0)
(101220161,0)
(101220162,0)
(101220163,0)
(101220164,0)
(101220165,0)
(101220166,0)
(101220167,0)
(101220168,0)
(101220169,0)
(101220170,0)
(101220171,0)
(101220172,0)
(101220173,0)
(101220174,0)
(101220175,0)
(101220176,0)
(101220177,0)
(101220178,0)
(101220179,0)
(101220180,0)
(101220181,0)
(101220182,0)
(101220183,0)
(101220184,0)
(101220185,0)
(101220186,0)
(101220187,0)
(101220188,0)
(101220189,0)
(101220190,0)
(101220191,0)
(101220192,0)
(101220193,0)
(101220194,0)
(101220195,0)
(101220196,0)
(101220197,0)
(101220198,0)
(101220199,0)
(101220200,0)
(101220201,0)
(101220202,0)
(101220203,0)
(101220204,0)
(101220205,0)
(101220206,0)
(101220207,0)
(101220208,0)
(101220209,0)
(101220210,0)
(101220211,0)
(101220212,0)
(101220213,0)
(101220214,0)
(101220215,0)
(101220216,0)
(101220217,0)
(101220218,0)
(101220219,0)
(101220220,0)
(101220221,0)
(101220222,0)
(101220223,0)
(101220224,0)
(101220225,0)
(101220226,0)
(101220227,0)
(101220228,0)
(101220229,0)
(101220230,0)
(101220231,0)
(101220232,0)
(101220233,0)
(101220234,0)
(101220235,0)
(101220236,0)
(101220237,0)
(101220238,0)
(101220239,0)
(101220240,0)
(101220241,0)
(101220242,0)
(101220243,0)
(101220244,0)
(101220245,0)
(101220246,0)
(101220247,0)
(101220248,0)
(101220249,0)
(101220250,0)
(101220251,0)
(101220252,0)
(101220253,0)
(101220254,0)
(101220255,0)
(101220256,0)
(101220257,0)
(101220258,0)
(101220259,0)
(101220260,0)
(101220262,0)
(101220263,0)
(101220264,0)
(101220265,0)
(101220266,0)
(101220270,0)
(101220271,0)
(101220272,0)
(101220273,0)
(101220274,0)
(101220275,0)
(101220276,0)
(101220277,0)
(101220278,0)
(101220279,0)
(101220280,0)
(101220281,0)
(101220282,0)
(101220283,0)
(101220284,0)
(101220285,0)
(101220286,0)
(101220287,0)
(101220288,0)
(101220289,0)
(101220290,0)
(101220291,0)
(101220292,0)
(101220293,0)
(101220294,0)
(101220295,0)
(101220296,0)
(101220297,0)
(101220298,0)
(101220299,0)
(101220300,0)
(101220301,0)
(101220302,0)
(101220303,0)
(101220304,0)
(101220305,0)
(101220306,0)
(101220307,0)
(101220308,0)
(101220309,0)
(101220311,0)
(101220312,0)
(101220313,0)
(101220314,0)
(101220315,0)
(101220316,0)
(101220317,0)
(101220318,0)
(101220319,0)
(101220320,0)
(101220321,0)
(101220322,0)
(101220323,0)
(101220324,0)
(101220325,0)
(101220326,0)
(101220327,0)
(101220328,0)
(101220329,0)
(101220330,0)
(101220331,0)
(101220332,0)
(101220333,0)
(101220334,0)
(101220335,0)
(101220336,0)
(101220337,0)
(101220338,0)
(101220339,0)
(101220340,0)
(101220341,0)
(101220342,0)
(101220343,0)
(101220344,0)
(101220345,0)
(101220346,0)
(101220347,0)
(101220348,0)
(101220349,0)
(101220350,0)
(101220351,0)
(101220352,0)
(101220353,0)
(101220354,0)
(101220355,0)
(101220356,0)
(101220357,0)
(101220358,0)
(101220359,0)
(101220360,0)
(101220361,0)
(101220362,0)
(101220363,0)
(101220364,0)
(101220365,0)
(101220366,0)
(101220367,0)
(101220368,0)
(101220369,0)
(101220370,0)
(101220371,0)
(101220372,0)
(101220373,0)
(101220375,0)
(101220376,0)
(101220377,0)
(101220378,0)
(101220379,0)
(101220380,0)
(101220381,0)
(101220382,0)
(101220383,0)
(101220384,0)
(101220385,0)
(101220386,0)
(101220387,0)
(101220388,0)
(101220389,0)
(101220390,0)
(101220391,0)
(101220392,0)
(101220393,0)
(101220394,0)
(101220395,0)
(101220396,0)
(101220397,0)
(101220398,0)
(101220399,0)
(101220400,0)
(101220402,0)
(101220403,0)
(101220404,0)
(101220405,0)
(101220406,0)
(101220407,0)
(101220408,0)
(101220409,0)
(101220410,0)
(101220411,0)
(101220412,0)
(101220413,0)
(101220414,0)
(101220415,0)
(101220416,0)
(101220417,0)
(101220418,0)
(101220419,0)
(101220420,0)
(101220421,0)
(101220422,0)
(101220423,0)
(101220424,0)
(101220425,0)
(101220426,0)
(101220427,0)
(101220428,0)
(101220429,0)
(101220430,0)
(101220431,0)
(101220432,0)
(101220433,0)
(101220434,0)
(101220435,0)
(101220436,0)
(101220437,0)
(101220438,0)
(101220439,0)
(101220440,0)
(101220441,0)
(101220442,0)
(101220443,0)
(101220444,0)
(101220445,0)
(101220446,0)
(101220447,0)
(101220448,0)
(101220450,0)
(101220451,0)
(101220452,0)
(101220453,0)
(101220454,0)
(101220455,0)
(101220456,0)
(101220457,0)
(101220458,0)
(101220459,0)
(101220460,0)
(101220461,0)
(101220462,0)
(101220463,0)
(101220464,0)
(101220465,0)
(101220466,0)
(101220467,0)
(101220468,0)
(101220469,0)
(101220470,0)
(101220471,0)
(101220472,0)
(101220473,0)
(101220474,0)
(101220475,0)
(101220476,0)
(101220477,0)
(101220478,0)
(101220479,0)
(101220480,0)
(101220481,0)
(101220482,0)
(101220483,0)
(101220484,0)
(101220485,0)
(101220486,0)
(101220487,0)
(101220488,0)
(101220489,0)
(101220490,0)
(101220491,0)
(101220492,0)
(101220493,0)
(101220494,0)
(101220495,0)
(101220496,0)
(101220497,0)
(101220498,0)
(101220499,0)
(101220500,0)
(101220501,0)
(101220502,0)
(101220503,0)
(101220504,0)
(101220505,0)
(101220506,0)
(101220507,0)
(101220508,0)
(101220509,0)
(101220510,0)
(101220511,0)
(101220512,0)
(101220513,0)
(101220514,0)
(101220515,0)
(101220517,0)
(101220518,0)
(101220519,0)
(101220520,0)
(101220521,0)
(101220522,0)
(101220523,0)
(101220524,0)
(101220525,0)
(101220526,0)
(101220527,0)
(101220528,0)
(101220529,0)
(101220530,0)
(101220531,0)
(101220532,0)
(101220533,0)
(101220534,0)
(101220535,0)
(101220536,0)
(101220538,0)
(101220539,0)
(101220540,0)
(101220541,0)
(101220542,0)
(101220543,0)
(101220544,0)
(101220545,0)
(101220546,0)
(101220547,0)
(101220548,0)
(101220549,0)
(101220551,0)
(101220552,0)
(101220553,0)
(101220554,0)
(101220557,0)
